3 0.6396640625 0.663565625 0.719953125 0.6740062499999999
4 0.67606953125 0.65878359375 0.6458890625 0.6644421875
5 0.70345546875 0.53063515625 0.5944109375 0.42064531250000003
6 0.72371171875 0.47455625 0.5536734375 0.31161249999999996
7 0.7510625 0.44572031249999994 0.499 0.235190625
2 0.2856484375 0.28318750000000004 0.040046874999999996 0.03825
2 0.34260625 0.27718750000000003 0.038337500000000004 0.03875
2 0.37856093749999997 0.27651015624999997 0.035246875 0.0405203125
2 0.43402109375000003 0.27283359375 0.0399171875 0.0487921875
2 0.4820109375 0.27602109375 0.051521874999999995 0.0457921875
2 0.31367890625 0.27919765625 0.027357812500000002 0.0365203125
3 0.6396640625 0.663565625 0.719953125 0.6740062499999999
4 0.67606953125 0.65878359375 0.6458890625 0.6644421875
5 0.70345546875 0.53063515625 0.5944109375 0.42064531250000003
6 0.72371171875 0.47455625 0.5536734375 0.31161249999999996
7 0.7510625 0.44572031249999994 0.499 0.235190625
2 0.2856484375 0.28318750000000004 0.040046874999999996 0.03825
2 0.34260625 0.27718750000000003 0.038337500000000004 0.03875
2 0.37856093749999997 0.27651015624999997 0.035246875 0.0405203125
2 0.43402109375000003 0.27283359375 0.0399171875 0.0487921875
2 0.4820109375 0.27602109375 0.051521874999999995 0.0457921875
2 0.31367890625 0.27919765625 0.027357812500000002 0.0365203125
3 0.639664 0.663566 0.719953 0.674006
4 0.676070 0.658784 0.645889 0.664442
5 0.703455 0.530635 0.594411 0.420645
6 0.723712 0.474556 0.553673 0.311612
7 0.751062 0.445720 0.499000 0.235191
2 0.285648 0.283188 0.040047 0.038250
2 0.342606 0.277188 0.038338 0.038750
2 0.378561 0.276510 0.035247 0.040520
2 0.434021 0.272834 0.039917 0.048792
2 0.482011 0.276021 0.051522 0.045792
2 0.313679 0.279198 0.027358 0.036520
3 0.639664 0.663566 0.719953 0.674006
4 0.676070 0.658784 0.645889 0.664442
5 0.703455 0.530635 0.594411 0.420645
6 0.723712 0.474556 0.553673 0.311612
7 0.751062 0.445720 0.499000 0.235191
2 0.285648 0.283188 0.040047 0.038250
2 0.342606 0.277188 0.038338 0.038750
2 0.378561 0.276510 0.035247 0.040520
2 0.434021 0.272834 0.039917 0.048792
2 0.482011 0.276021 0.051522 0.045792
2 0.313679 0.279198 0.027358 0.036520
4 0.639664 0.663566 0.719953 0.674006
5 0.676070 0.658784 0.645889 0.664442
6 0.703455 0.530635 0.594411 0.420645
7 0.723712 0.474556 0.553673 0.311612
8 0.751062 0.445720 0.499000 0.235191
3 0.285648 0.283188 0.040047 0.038250
3 0.342606 0.277188 0.038338 0.038750
3 0.378561 0.276510 0.035247 0.040520
3 0.434021 0.272834 0.039917 0.048792
3 0.482011 0.276021 0.051522 0.045792
3 0.313679 0.279198 0.027358 0.036520
3 0.639664 0.663566 0.719953 0.674006
4 0.676070 0.658784 0.645889 0.664442
5 0.703455 0.530635 0.594411 0.420645
6 0.723712 0.474556 0.553673 0.311612
7 0.751062 0.445720 0.499000 0.235191
2 0.285648 0.283188 0.040047 0.038250
2 0.342606 0.277188 0.038338 0.038750
2 0.378561 0.276510 0.035247 0.040520
2 0.434021 0.272834 0.039917 0.048792
2 0.482011 0.276021 0.051522 0.045792
2 0.313679 0.279198 0.027358 0.036520
3 0.639664 0.663566 0.719953 0.674006
4 0.676070 0.658784 0.645889 0.664442
5 0.703455 0.530635 0.594411 0.420645
6 0.723712 0.474556 0.553673 0.311612
7 0.751062 0.445720 0.499000 0.235191
2 0.285648 0.283188 0.040047 0.038250
2 0.342606 0.277188 0.038338 0.038750
2 0.378561 0.276510 0.035247 0.040520
2 0.434021 0.272834 0.039917 0.048792
2 0.482011 0.276021 0.051522 0.045792
2 0.313679 0.279198 0.027358 0.036520
3 0.639664 0.663566 0.719953 0.674006
4 0.676070 0.658784 0.645889 0.664442
5 0.703455 0.530635 0.594411 0.420645
6 0.723712 0.474556 0.553673 0.311612
7 0.751062 0.445720 0.499000 0.235191
2 0.285648 0.283188 0.040047 0.038250
2 0.342606 0.277188 0.038338 0.038750
2 0.378561 0.276510 0.035247 0.040520
2 0.434021 0.272834 0.039917 0.048792
2 0.482011 0.276021 0.051522 0.045792
2 0.313679 0.279198 0.027358 0.036520
