3 0.6396640625 0.663565625 0.719953125 0.6740062499999999
4 0.67606953125 0.65878359375 0.6458890625 0.6644421875
5 0.70345546875 0.53063515625 0.5944109375 0.42064531250000003
6 0.72371171875 0.47259375 0.5536734375 0.31706249999999997
7 0.75516796875 0.39473984375 0.4884609375 0.1894796875
9 0.85181015625 0.32280234375 0.2504953125 0.2049796875
2 0.603590625 0.27398984375 0.09155624999999999 0.0636046875
2 0.525990625 0.29464609375 0.06760625 0.0767921875
2 0.43868515625000004 0.29842734375 0.0648703125 0.0718546875
2 0.692546875 0.27334375 0.06321875 0.049812499999999996
0 0.32090234375 0.33921875 0.0324296875 0.0753125
2 0.3697875 0.27790625 0.0427 0.0370625
2 0.33111406250000003 0.27266640625 0.024728125 0.0453328125
2 0.298178125 0.27603125 0.040106249999999996 0.0551875
2 0.9889328125000001 0.26701015625 0.018490625 0.052770312500000006
3 0.6396640625 0.663565625 0.719953125 0.6740062499999999
4 0.67606953125 0.65878359375 0.6458890625 0.6644421875
5 0.70345546875 0.53063515625 0.5944109375 0.42064531250000003
6 0.72371171875 0.47259375 0.5536734375 0.31706249999999997
7 0.75516796875 0.39473984375 0.4884609375 0.1894796875
9 0.85181015625 0.32280234375 0.2504953125 0.2049796875
2 0.603590625 0.27398984375 0.09155624999999999 0.0636046875
2 0.525990625 0.29464609375 0.06760625 0.0767921875
2 0.43868515625000004 0.29842734375 0.0648703125 0.0718546875
2 0.692546875 0.27334375 0.06321875 0.049812499999999996
0 0.32090234375 0.33921875 0.0324296875 0.0753125
2 0.3697875 0.27790625 0.0427 0.0370625
2 0.33111406250000003 0.27266640625 0.024728125 0.0453328125
2 0.298178125 0.27603125 0.040106249999999996 0.0551875
2 0.9889328125000001 0.26701015625 0.018490625 0.052770312500000006
3 0.639664 0.663566 0.719953 0.674006
4 0.676070 0.658784 0.645889 0.664442
5 0.703455 0.530635 0.594411 0.420645
6 0.723712 0.472594 0.553673 0.317062
7 0.755168 0.394740 0.488461 0.189480
9 0.851810 0.322802 0.250495 0.204980
2 0.603591 0.273990 0.091556 0.063605
2 0.525991 0.294646 0.067606 0.076792
2 0.438685 0.298427 0.064870 0.071855
2 0.692547 0.273344 0.063219 0.049812
0 0.320902 0.339219 0.032430 0.075313
2 0.369787 0.277906 0.042700 0.037062
2 0.331114 0.272666 0.024728 0.045333
2 0.298178 0.276031 0.040106 0.055188
2 0.988933 0.267010 0.018491 0.052770
3 0.639664 0.663566 0.719953 0.674006
4 0.676070 0.658784 0.645889 0.664442
5 0.703455 0.530635 0.594411 0.420645
6 0.723712 0.472594 0.553673 0.317062
7 0.755168 0.394740 0.488461 0.189480
9 0.851810 0.322802 0.250495 0.204980
2 0.603591 0.273990 0.091556 0.063605
2 0.525991 0.294646 0.067606 0.076792
2 0.438685 0.298427 0.064870 0.071855
2 0.692547 0.273344 0.063219 0.049812
0 0.320902 0.339219 0.032430 0.075313
2 0.369787 0.277906 0.042700 0.037062
2 0.331114 0.272666 0.024728 0.045333
2 0.298178 0.276031 0.040106 0.055188
2 0.988933 0.267010 0.018491 0.052770
4 0.639664 0.663566 0.719953 0.674006
5 0.676070 0.658784 0.645889 0.664442
6 0.703455 0.530635 0.594411 0.420645
7 0.723712 0.472594 0.553673 0.317062
8 0.755168 0.394740 0.488461 0.189480
10 0.851810 0.322802 0.250495 0.204980
3 0.603591 0.273990 0.091556 0.063605
3 0.525991 0.294646 0.067606 0.076792
3 0.438685 0.298427 0.064870 0.071855
3 0.692547 0.273344 0.063219 0.049812
1 0.320902 0.339219 0.032430 0.075313
3 0.369787 0.277906 0.042700 0.037062
3 0.331114 0.272666 0.024728 0.045333
3 0.298178 0.276031 0.040106 0.055188
3 0.988933 0.267010 0.018491 0.052770
3 0.639664 0.663566 0.719953 0.674006
4 0.676070 0.658784 0.645889 0.664442
5 0.703455 0.530635 0.594411 0.420645
6 0.723712 0.472594 0.553673 0.317062
7 0.755168 0.394740 0.488461 0.189480
9 0.851810 0.322802 0.250495 0.204980
2 0.603591 0.273990 0.091556 0.063605
2 0.525991 0.294646 0.067606 0.076792
2 0.438685 0.298427 0.064870 0.071855
2 0.692547 0.273344 0.063219 0.049812
0 0.320902 0.339219 0.032430 0.075313
2 0.369787 0.277906 0.042700 0.037062
2 0.331114 0.272666 0.024728 0.045333
2 0.298178 0.276031 0.040106 0.055188
2 0.988933 0.267010 0.018491 0.052770
3 0.639664 0.663566 0.719953 0.674006
4 0.676070 0.658784 0.645889 0.664442
5 0.703455 0.530635 0.594411 0.420645
6 0.723712 0.472594 0.553673 0.317062
7 0.755168 0.394740 0.488461 0.189480
9 0.851810 0.322802 0.250495 0.204980
2 0.603591 0.273990 0.091556 0.063605
2 0.525991 0.294646 0.067606 0.076792
2 0.438685 0.298427 0.064870 0.071855
2 0.692547 0.273344 0.063219 0.049812
0 0.320902 0.339219 0.032430 0.075313
2 0.369787 0.277906 0.042700 0.037062
2 0.331114 0.272666 0.024728 0.045333
2 0.298178 0.276031 0.040106 0.055188
2 0.988933 0.267010 0.018491 0.052770
3 0.639664 0.663566 0.719953 0.674006
4 0.676070 0.658784 0.645889 0.664442
5 0.703455 0.530635 0.594411 0.420645
6 0.723712 0.472594 0.553673 0.317062
7 0.755168 0.394740 0.488461 0.189480
9 0.851810 0.322802 0.250495 0.204980
2 0.603591 0.273990 0.091556 0.063605
2 0.525991 0.294646 0.067606 0.076792
2 0.438685 0.298427 0.064870 0.071855
2 0.692547 0.273344 0.063219 0.049812
0 0.320902 0.339219 0.032430 0.075313
2 0.369787 0.277906 0.042700 0.037062
2 0.331114 0.272666 0.024728 0.045333
2 0.298178 0.276031 0.040106 0.055188
2 0.988933 0.267010 0.018491 0.052770
