3 0.6396640625 0.663565625 0.719953125 0.6740062499999999
4 0.67606953125 0.65878359375 0.6458890625 0.6644421875
5 0.70345546875 0.53063515625 0.5944109375 0.42064531250000003
6 0.72371171875 0.47259375 0.5536734375 0.31706249999999997
7 0.75516796875 0.39473984375 0.4884609375 0.1894796875
2 0.8855601562500001 0.27254140625 0.21799531249999998 0.1513328125
2 0.55946953125 0.2674375 0.17831406249999998 0.191125
2 0.313384375 0.23390624999999998 0.05489375 0.0709375
2 0.27423359375 0.22011484375 0.032842187499999995 0.0496046875
2 0.3498171875 0.22022890625000002 0.040259375 0.0467078125
2 0.39873828125 0.23133359374999998 0.0599765625 0.0720421875
9 0.25456953125 0.18708359375 0.0310140625 0.0397921875
2 0.25381484374999996 0.22096875 0.0263796875 0.0481875
2 0.46172734374999996 0.22956250000000003 0.0359546875 0.0685
3 0.6396640625 0.663565625 0.719953125 0.6740062499999999
4 0.67606953125 0.65878359375 0.6458890625 0.6644421875
5 0.70345546875 0.53063515625 0.5944109375 0.42064531250000003
6 0.72371171875 0.47259375 0.5536734375 0.31706249999999997
7 0.75516796875 0.39473984375 0.4884609375 0.1894796875
2 0.8855601562500001 0.27254140625 0.21799531249999998 0.1513328125
2 0.55946953125 0.2674375 0.17831406249999998 0.191125
2 0.313384375 0.23390624999999998 0.05489375 0.0709375
2 0.27423359375 0.22011484375 0.032842187499999995 0.0496046875
2 0.3498171875 0.22022890625000002 0.040259375 0.0467078125
2 0.39873828125 0.23133359374999998 0.0599765625 0.0720421875
9 0.25456953125 0.18708359375 0.0310140625 0.0397921875
2 0.25381484374999996 0.22096875 0.0263796875 0.0481875
2 0.46172734374999996 0.22956250000000003 0.0359546875 0.0685
3 0.639664 0.663566 0.719953 0.674006
4 0.676070 0.658784 0.645889 0.664442
5 0.703455 0.530635 0.594411 0.420645
6 0.723712 0.472594 0.553673 0.317062
7 0.755168 0.394740 0.488461 0.189480
2 0.885560 0.272541 0.217995 0.151333
2 0.559470 0.267437 0.178314 0.191125
2 0.313384 0.233906 0.054894 0.070938
2 0.274234 0.220115 0.032842 0.049605
2 0.349817 0.220229 0.040259 0.046708
2 0.398738 0.231334 0.059977 0.072042
9 0.254570 0.187084 0.031014 0.039792
2 0.253815 0.220969 0.026380 0.048188
2 0.461727 0.229563 0.035955 0.068500
3 0.639664 0.663566 0.719953 0.674006
4 0.676070 0.658784 0.645889 0.664442
5 0.703455 0.530635 0.594411 0.420645
6 0.723712 0.472594 0.553673 0.317062
7 0.755168 0.394740 0.488461 0.189480
2 0.885560 0.272541 0.217995 0.151333
2 0.559470 0.267437 0.178314 0.191125
2 0.313384 0.233906 0.054894 0.070938
2 0.274234 0.220115 0.032842 0.049605
2 0.349817 0.220229 0.040259 0.046708
2 0.398738 0.231334 0.059977 0.072042
9 0.254570 0.187084 0.031014 0.039792
2 0.253815 0.220969 0.026380 0.048188
2 0.461727 0.229563 0.035955 0.068500
4 0.639664 0.663566 0.719953 0.674006
5 0.676070 0.658784 0.645889 0.664442
6 0.703455 0.530635 0.594411 0.420645
7 0.723712 0.472594 0.553673 0.317062
8 0.755168 0.394740 0.488461 0.189480
3 0.885560 0.272541 0.217995 0.151333
3 0.559470 0.267437 0.178314 0.191125
3 0.313384 0.233906 0.054894 0.070938
3 0.274234 0.220115 0.032842 0.049605
3 0.349817 0.220229 0.040259 0.046708
3 0.398738 0.231334 0.059977 0.072042
10 0.254570 0.187084 0.031014 0.039792
3 0.253815 0.220969 0.026380 0.048188
3 0.461727 0.229563 0.035955 0.068500
3 0.639664 0.663566 0.719953 0.674006
4 0.676070 0.658784 0.645889 0.664442
5 0.703455 0.530635 0.594411 0.420645
6 0.723712 0.472594 0.553673 0.317062
7 0.755168 0.394740 0.488461 0.189480
2 0.885560 0.272541 0.217995 0.151333
2 0.559470 0.267437 0.178314 0.191125
2 0.313384 0.233906 0.054894 0.070938
2 0.274234 0.220115 0.032842 0.049605
2 0.349817 0.220229 0.040259 0.046708
2 0.398738 0.231334 0.059977 0.072042
9 0.254570 0.187084 0.031014 0.039792
2 0.253815 0.220969 0.026380 0.048188
2 0.461727 0.229563 0.035955 0.068500
3 0.639664 0.663566 0.719953 0.674006
4 0.676070 0.658784 0.645889 0.664442
5 0.703455 0.530635 0.594411 0.420645
6 0.723712 0.472594 0.553673 0.317062
7 0.755168 0.394740 0.488461 0.189480
2 0.885560 0.272541 0.217995 0.151333
2 0.559470 0.267437 0.178314 0.191125
2 0.313384 0.233906 0.054894 0.070938
2 0.274234 0.220115 0.032842 0.049605
2 0.349817 0.220229 0.040259 0.046708
2 0.398738 0.231334 0.059977 0.072042
9 0.254570 0.187084 0.031014 0.039792
2 0.253815 0.220969 0.026380 0.048188
2 0.461727 0.229563 0.035955 0.068500
3 0.639664 0.663566 0.719953 0.674006
4 0.676070 0.658784 0.645889 0.664442
5 0.703455 0.530635 0.594411 0.420645
6 0.723712 0.472594 0.553673 0.317062
7 0.755168 0.394740 0.488461 0.189480
2 0.885560 0.272541 0.217995 0.151333
2 0.559470 0.267437 0.178314 0.191125
2 0.313384 0.233906 0.054894 0.070938
2 0.274234 0.220115 0.032842 0.049605
2 0.349817 0.220229 0.040259 0.046708
2 0.398738 0.231334 0.059977 0.072042
9 0.254570 0.187084 0.031014 0.039792
2 0.253815 0.220969 0.026380 0.048188
2 0.461727 0.229563 0.035955 0.068500
