3 0.6396640625 0.663565625 0.719953125 0.6740062499999999
4 0.67606953125 0.65878359375 0.6458890625 0.6644421875
5 0.70345546875 0.53063515625 0.5944109375 0.42064531250000003
6 0.72371171875 0.47455625 0.5536734375 0.31161249999999996
7 0.7510625 0.44572031249999994 0.499 0.235190625
2 0.44623828125 0.29194765624999997 0.0456015625 0.043270312500000005
2 0.82952265625 0.27303125 0.0746703125 0.0523125
9 0.5664976562499999 0.29057265625 0.0642453125 0.0905203125
2 0.3841453125 0.28865625 0.05266562500000001 0.0523125
2 0.319375 0.28131249999999997 0.035625000000000004 0.031375
2 0.48695781250000003 0.27838515625 0.039540625 0.041145312499999996
2 0.31083125 0.28564609375 0.0497875 0.0337921875
2 0.29683984375 0.28307265625 0.031179687499999997 0.0380203125
3 0.6396640625 0.663565625 0.719953125 0.6740062499999999
4 0.67606953125 0.65878359375 0.6458890625 0.6644421875
5 0.70345546875 0.53063515625 0.5944109375 0.42064531250000003
6 0.72371171875 0.47455625 0.5536734375 0.31161249999999996
7 0.7510625 0.44572031249999994 0.499 0.235190625
2 0.44623828125 0.29194765624999997 0.0456015625 0.043270312500000005
2 0.82952265625 0.27303125 0.0746703125 0.0523125
9 0.5664976562499999 0.29057265625 0.0642453125 0.0905203125
2 0.3841453125 0.28865625 0.05266562500000001 0.0523125
2 0.319375 0.28131249999999997 0.035625000000000004 0.031375
2 0.48695781250000003 0.27838515625 0.039540625 0.041145312499999996
2 0.31083125 0.28564609375 0.0497875 0.0337921875
2 0.29683984375 0.28307265625 0.031179687499999997 0.0380203125
3 0.639664 0.663566 0.719953 0.674006
4 0.676070 0.658784 0.645889 0.664442
5 0.703455 0.530635 0.594411 0.420645
6 0.723712 0.474556 0.553673 0.311612
7 0.751062 0.445720 0.499000 0.235191
2 0.446238 0.291948 0.045602 0.043270
2 0.829523 0.273031 0.074670 0.052312
9 0.566498 0.290573 0.064245 0.090520
2 0.384145 0.288656 0.052666 0.052312
2 0.319375 0.281312 0.035625 0.031375
2 0.486958 0.278385 0.039541 0.041145
2 0.310831 0.285646 0.049787 0.033792
2 0.296840 0.283073 0.031180 0.038020
3 0.639664 0.663566 0.719953 0.674006
4 0.676070 0.658784 0.645889 0.664442
5 0.703455 0.530635 0.594411 0.420645
6 0.723712 0.474556 0.553673 0.311612
7 0.751062 0.445720 0.499000 0.235191
2 0.446238 0.291948 0.045602 0.043270
2 0.829523 0.273031 0.074670 0.052312
9 0.566498 0.290573 0.064245 0.090520
2 0.384145 0.288656 0.052666 0.052312
2 0.319375 0.281312 0.035625 0.031375
2 0.486958 0.278385 0.039541 0.041145
2 0.310831 0.285646 0.049787 0.033792
2 0.296840 0.283073 0.031180 0.038020
4 0.639664 0.663566 0.719953 0.674006
5 0.676070 0.658784 0.645889 0.664442
6 0.703455 0.530635 0.594411 0.420645
7 0.723712 0.474556 0.553673 0.311612
8 0.751062 0.445720 0.499000 0.235191
3 0.446238 0.291948 0.045602 0.043270
3 0.829523 0.273031 0.074670 0.052312
10 0.566498 0.290573 0.064245 0.090520
3 0.384145 0.288656 0.052666 0.052312
3 0.319375 0.281312 0.035625 0.031375
3 0.486958 0.278385 0.039541 0.041145
3 0.310831 0.285646 0.049787 0.033792
3 0.296840 0.283073 0.031180 0.038020
3 0.639664 0.663566 0.719953 0.674006
4 0.676070 0.658784 0.645889 0.664442
5 0.703455 0.530635 0.594411 0.420645
6 0.723712 0.474556 0.553673 0.311612
7 0.751062 0.445720 0.499000 0.235191
2 0.446238 0.291948 0.045602 0.043270
2 0.829523 0.273031 0.074670 0.052312
9 0.566498 0.290573 0.064245 0.090520
2 0.384145 0.288656 0.052666 0.052312
2 0.319375 0.281312 0.035625 0.031375
2 0.486958 0.278385 0.039541 0.041145
2 0.310831 0.285646 0.049787 0.033792
2 0.296840 0.283073 0.031180 0.038020
3 0.639664 0.663566 0.719953 0.674006
4 0.676070 0.658784 0.645889 0.664442
5 0.703455 0.530635 0.594411 0.420645
6 0.723712 0.474556 0.553673 0.311612
7 0.751062 0.445720 0.499000 0.235191
2 0.446238 0.291948 0.045602 0.043270
2 0.829523 0.273031 0.074670 0.052312
9 0.566498 0.290573 0.064245 0.090520
2 0.384145 0.288656 0.052666 0.052312
2 0.319375 0.281312 0.035625 0.031375
2 0.486958 0.278385 0.039541 0.041145
2 0.310831 0.285646 0.049787 0.033792
2 0.296840 0.283073 0.031180 0.038020
3 0.639664 0.663566 0.719953 0.674006
4 0.676070 0.658784 0.645889 0.664442
5 0.703455 0.530635 0.594411 0.420645
6 0.723712 0.474556 0.553673 0.311612
7 0.751062 0.445720 0.499000 0.235191
2 0.446238 0.291948 0.045602 0.043270
2 0.829523 0.273031 0.074670 0.052312
9 0.566498 0.290573 0.064245 0.090520
2 0.384145 0.288656 0.052666 0.052312
2 0.319375 0.281312 0.035625 0.031375
2 0.486958 0.278385 0.039541 0.041145
2 0.310831 0.285646 0.049787 0.033792
2 0.296840 0.283073 0.031180 0.038020
