3 0.6396640625 0.663565625 0.719953125 0.6740062499999999
4 0.67606953125 0.65878359375 0.6458890625 0.6644421875
5 0.70345546875 0.53063515625 0.5944109375 0.42064531250000003
6 0.72371171875 0.47259375 0.5536734375 0.31706249999999997
7 0.75516796875 0.39473984375 0.4884609375 0.1894796875
2 0.35478203124999996 0.24109375000000002 0.0533140625 0.0478125
2 0.53980546875 0.2483125 0.0639859375 0.046625
2 0.2735140625 0.22504140625 0.022028125000000003 0.0313328125
2 0.24490546875 0.22909375 0.024185937499999997 0.0300625
2 0.15094921875 0.2180625 0.0300234375 0.029875000000000002
3 0.6396640625 0.663565625 0.719953125 0.6740062499999999
4 0.67606953125 0.65878359375 0.6458890625 0.6644421875
5 0.70345546875 0.53063515625 0.5944109375 0.42064531250000003
6 0.72371171875 0.47259375 0.5536734375 0.31706249999999997
7 0.75516796875 0.39473984375 0.4884609375 0.1894796875
2 0.35478203124999996 0.24109375000000002 0.0533140625 0.0478125
2 0.53980546875 0.2483125 0.0639859375 0.046625
2 0.2735140625 0.22504140625 0.022028125000000003 0.0313328125
2 0.24490546875 0.22909375 0.024185937499999997 0.0300625
2 0.15094921875 0.2180625 0.0300234375 0.029875000000000002
3 0.639664 0.663566 0.719953 0.674006
4 0.676070 0.658784 0.645889 0.664442
5 0.703455 0.530635 0.594411 0.420645
6 0.723712 0.472594 0.553673 0.317062
7 0.755168 0.394740 0.488461 0.189480
2 0.354782 0.241094 0.053314 0.047813
2 0.539805 0.248312 0.063986 0.046625
2 0.273514 0.225041 0.022028 0.031333
2 0.244905 0.229094 0.024186 0.030062
2 0.150949 0.218062 0.030023 0.029875
3 0.639664 0.663566 0.719953 0.674006
4 0.676070 0.658784 0.645889 0.664442
5 0.703455 0.530635 0.594411 0.420645
6 0.723712 0.472594 0.553673 0.317062
7 0.755168 0.394740 0.488461 0.189480
2 0.354782 0.241094 0.053314 0.047813
2 0.539805 0.248312 0.063986 0.046625
2 0.273514 0.225041 0.022028 0.031333
2 0.244905 0.229094 0.024186 0.030062
2 0.150949 0.218062 0.030023 0.029875
4 0.639664 0.663566 0.719953 0.674006
5 0.676070 0.658784 0.645889 0.664442
6 0.703455 0.530635 0.594411 0.420645
7 0.723712 0.472594 0.553673 0.317062
8 0.755168 0.394740 0.488461 0.189480
3 0.354782 0.241094 0.053314 0.047813
3 0.539805 0.248312 0.063986 0.046625
3 0.273514 0.225041 0.022028 0.031333
3 0.244905 0.229094 0.024186 0.030062
3 0.150949 0.218062 0.030023 0.029875
3 0.639664 0.663566 0.719953 0.674006
4 0.676070 0.658784 0.645889 0.664442
5 0.703455 0.530635 0.594411 0.420645
6 0.723712 0.472594 0.553673 0.317062
7 0.755168 0.394740 0.488461 0.189480
2 0.354782 0.241094 0.053314 0.047813
2 0.539805 0.248312 0.063986 0.046625
2 0.273514 0.225041 0.022028 0.031333
2 0.244905 0.229094 0.024186 0.030062
2 0.150949 0.218062 0.030023 0.029875
3 0.639664 0.663566 0.719953 0.674006
4 0.676070 0.658784 0.645889 0.664442
5 0.703455 0.530635 0.594411 0.420645
6 0.723712 0.472594 0.553673 0.317062
7 0.755168 0.394740 0.488461 0.189480
2 0.354782 0.241094 0.053314 0.047813
2 0.539805 0.248312 0.063986 0.046625
2 0.273514 0.225041 0.022028 0.031333
2 0.244905 0.229094 0.024186 0.030062
2 0.150949 0.218062 0.030023 0.029875
3 0.639664 0.663566 0.719953 0.674006
4 0.676070 0.658784 0.645889 0.664442
5 0.703455 0.530635 0.594411 0.420645
6 0.723712 0.472594 0.553673 0.317062
7 0.755168 0.394740 0.488461 0.189480
2 0.354782 0.241094 0.053314 0.047813
2 0.539805 0.248312 0.063986 0.046625
2 0.273514 0.225041 0.022028 0.031333
2 0.244905 0.229094 0.024186 0.030062
2 0.150949 0.218062 0.030023 0.029875
