3 0.6396640625 0.663565625 0.719953125 0.6740062499999999
4 0.67606953125 0.65878359375 0.6458890625 0.6644421875
5 0.70345546875 0.53063515625 0.5944109375 0.42064531250000003
6 0.72371171875 0.47259375 0.5536734375 0.31706249999999997
7 0.75516796875 0.39473984375 0.4884609375 0.1894796875
2 0.590990625 0.29874999999999996 0.15073125 0.14125000000000001
2 0.8855835937500001 0.31386484375 0.2274171875 0.2402296875
2 0.45443359375 0.29683359375 0.1619921875 0.2030421875
2 0.3308546875 0.24352109375 0.083584375 0.11829218749999999
2 0.76204609375 0.24294765625 0.0397171875 0.048395312499999996
2 0.709275 0.2403125 0.06855 0.049375
2 0.24251171875000002 0.22978125 0.0256484375 0.0283125
3 0.6396640625 0.663565625 0.719953125 0.6740062499999999
4 0.67606953125 0.65878359375 0.6458890625 0.6644421875
5 0.70345546875 0.53063515625 0.5944109375 0.42064531250000003
6 0.72371171875 0.47259375 0.5536734375 0.31706249999999997
7 0.75516796875 0.39473984375 0.4884609375 0.1894796875
2 0.590990625 0.29874999999999996 0.15073125 0.14125000000000001
2 0.8855835937500001 0.31386484375 0.2274171875 0.2402296875
2 0.45443359375 0.29683359375 0.1619921875 0.2030421875
2 0.3308546875 0.24352109375 0.083584375 0.11829218749999999
2 0.76204609375 0.24294765625 0.0397171875 0.048395312499999996
2 0.709275 0.2403125 0.06855 0.049375
2 0.24251171875000002 0.22978125 0.0256484375 0.0283125
3 0.639664 0.663566 0.719953 0.674006
4 0.676070 0.658784 0.645889 0.664442
5 0.703455 0.530635 0.594411 0.420645
6 0.723712 0.472594 0.553673 0.317062
7 0.755168 0.394740 0.488461 0.189480
2 0.590991 0.298750 0.150731 0.141250
2 0.885584 0.313865 0.227417 0.240230
2 0.454434 0.296834 0.161992 0.203042
2 0.330855 0.243521 0.083584 0.118292
2 0.762046 0.242948 0.039717 0.048395
2 0.709275 0.240313 0.068550 0.049375
2 0.242512 0.229781 0.025648 0.028313
3 0.639664 0.663566 0.719953 0.674006
4 0.676070 0.658784 0.645889 0.664442
5 0.703455 0.530635 0.594411 0.420645
6 0.723712 0.472594 0.553673 0.317062
7 0.755168 0.394740 0.488461 0.189480
2 0.590991 0.298750 0.150731 0.141250
2 0.885584 0.313865 0.227417 0.240230
2 0.454434 0.296834 0.161992 0.203042
2 0.330855 0.243521 0.083584 0.118292
2 0.762046 0.242948 0.039717 0.048395
2 0.709275 0.240313 0.068550 0.049375
2 0.242512 0.229781 0.025648 0.028313
4 0.639664 0.663566 0.719953 0.674006
5 0.676070 0.658784 0.645889 0.664442
6 0.703455 0.530635 0.594411 0.420645
7 0.723712 0.472594 0.553673 0.317062
8 0.755168 0.394740 0.488461 0.189480
3 0.590991 0.298750 0.150731 0.141250
3 0.885584 0.313865 0.227417 0.240230
3 0.454434 0.296834 0.161992 0.203042
3 0.330855 0.243521 0.083584 0.118292
3 0.762046 0.242948 0.039717 0.048395
3 0.709275 0.240313 0.068550 0.049375
3 0.242512 0.229781 0.025648 0.028313
3 0.639664 0.663566 0.719953 0.674006
4 0.676070 0.658784 0.645889 0.664442
5 0.703455 0.530635 0.594411 0.420645
6 0.723712 0.472594 0.553673 0.317062
7 0.755168 0.394740 0.488461 0.189480
2 0.590991 0.298750 0.150731 0.141250
2 0.885584 0.313865 0.227417 0.240230
2 0.454434 0.296834 0.161992 0.203042
2 0.330855 0.243521 0.083584 0.118292
2 0.762046 0.242948 0.039717 0.048395
2 0.709275 0.240313 0.068550 0.049375
2 0.242512 0.229781 0.025648 0.028313
3 0.639664 0.663566 0.719953 0.674006
4 0.676070 0.658784 0.645889 0.664442
5 0.703455 0.530635 0.594411 0.420645
6 0.723712 0.472594 0.553673 0.317062
7 0.755168 0.394740 0.488461 0.189480
2 0.590991 0.298750 0.150731 0.141250
2 0.885584 0.313865 0.227417 0.240230
2 0.454434 0.296834 0.161992 0.203042
2 0.330855 0.243521 0.083584 0.118292
2 0.762046 0.242948 0.039717 0.048395
2 0.709275 0.240313 0.068550 0.049375
2 0.242512 0.229781 0.025648 0.028313
3 0.639664 0.663566 0.719953 0.674006
4 0.676070 0.658784 0.645889 0.664442
5 0.703455 0.530635 0.594411 0.420645
6 0.723712 0.472594 0.553673 0.317062
7 0.755168 0.394740 0.488461 0.189480
2 0.590991 0.298750 0.150731 0.141250
2 0.885584 0.313865 0.227417 0.240230
2 0.454434 0.296834 0.161992 0.203042
2 0.330855 0.243521 0.083584 0.118292
2 0.762046 0.242948 0.039717 0.048395
2 0.709275 0.240313 0.068550 0.049375
2 0.242512 0.229781 0.025648 0.028313
