3 0.6396640625 0.663565625 0.719953125 0.6740062499999999
4 0.67606953125 0.65878359375 0.6458890625 0.6644421875
5 0.70345546875 0.53063515625 0.5944109375 0.42064531250000003
6 0.72371171875 0.47259375 0.5536734375 0.31706249999999997
7 0.75516796875 0.39473984375 0.4884609375 0.1894796875
2 0.6021164062500001 0.29092734375 0.1354828125 0.1287296875
2 0.4174171875 0.28579140625 0.11920937499999999 0.1372078125
2 0.86290703125 0.37863515625 0.27268906249999997 0.3041453125
2 0.2907546875 0.24094765625 0.047134375 0.0350203125
2 0.47864375 0.24898984375 0.0260375 0.0323546875
2 0.25479921875 0.22441640624999998 0.0158484375 0.0207078125
3 0.6396640625 0.663565625 0.719953125 0.6740062499999999
4 0.67606953125 0.65878359375 0.6458890625 0.6644421875
5 0.70345546875 0.53063515625 0.5944109375 0.42064531250000003
6 0.72371171875 0.47259375 0.5536734375 0.31706249999999997
7 0.75516796875 0.39473984375 0.4884609375 0.1894796875
2 0.6021164062500001 0.29092734375 0.1354828125 0.1287296875
2 0.4174171875 0.28579140625 0.11920937499999999 0.1372078125
2 0.86290703125 0.37863515625 0.27268906249999997 0.3041453125
2 0.2907546875 0.24094765625 0.047134375 0.0350203125
2 0.47864375 0.24898984375 0.0260375 0.0323546875
2 0.25479921875 0.22441640624999998 0.0158484375 0.0207078125
3 0.639664 0.663566 0.719953 0.674006
4 0.676070 0.658784 0.645889 0.664442
5 0.703455 0.530635 0.594411 0.420645
6 0.723712 0.472594 0.553673 0.317062
7 0.755168 0.394740 0.488461 0.189480
2 0.602116 0.290927 0.135483 0.128730
2 0.417417 0.285791 0.119209 0.137208
2 0.862907 0.378635 0.272689 0.304145
2 0.290755 0.240948 0.047134 0.035020
2 0.478644 0.248990 0.026038 0.032355
2 0.254799 0.224416 0.015848 0.020708
3 0.639664 0.663566 0.719953 0.674006
4 0.676070 0.658784 0.645889 0.664442
5 0.703455 0.530635 0.594411 0.420645
6 0.723712 0.472594 0.553673 0.317062
7 0.755168 0.394740 0.488461 0.189480
2 0.602116 0.290927 0.135483 0.128730
2 0.417417 0.285791 0.119209 0.137208
2 0.862907 0.378635 0.272689 0.304145
2 0.290755 0.240948 0.047134 0.035020
2 0.478644 0.248990 0.026038 0.032355
2 0.254799 0.224416 0.015848 0.020708
4 0.639664 0.663566 0.719953 0.674006
5 0.676070 0.658784 0.645889 0.664442
6 0.703455 0.530635 0.594411 0.420645
7 0.723712 0.472594 0.553673 0.317062
8 0.755168 0.394740 0.488461 0.189480
3 0.602116 0.290927 0.135483 0.128730
3 0.417417 0.285791 0.119209 0.137208
3 0.862907 0.378635 0.272689 0.304145
3 0.290755 0.240948 0.047134 0.035020
3 0.478644 0.248990 0.026038 0.032355
3 0.254799 0.224416 0.015848 0.020708
3 0.639664 0.663566 0.719953 0.674006
4 0.676070 0.658784 0.645889 0.664442
5 0.703455 0.530635 0.594411 0.420645
6 0.723712 0.472594 0.553673 0.317062
7 0.755168 0.394740 0.488461 0.189480
2 0.602116 0.290927 0.135483 0.128730
2 0.417417 0.285791 0.119209 0.137208
2 0.862907 0.378635 0.272689 0.304145
2 0.290755 0.240948 0.047134 0.035020
2 0.478644 0.248990 0.026038 0.032355
2 0.254799 0.224416 0.015848 0.020708
3 0.639664 0.663566 0.719953 0.674006
4 0.676070 0.658784 0.645889 0.664442
5 0.703455 0.530635 0.594411 0.420645
6 0.723712 0.472594 0.553673 0.317062
7 0.755168 0.394740 0.488461 0.189480
2 0.602116 0.290927 0.135483 0.128730
2 0.417417 0.285791 0.119209 0.137208
2 0.862907 0.378635 0.272689 0.304145
2 0.290755 0.240948 0.047134 0.035020
2 0.478644 0.248990 0.026038 0.032355
2 0.254799 0.224416 0.015848 0.020708
3 0.639664 0.663566 0.719953 0.674006
4 0.676070 0.658784 0.645889 0.664442
5 0.703455 0.530635 0.594411 0.420645
6 0.723712 0.472594 0.553673 0.317062
7 0.755168 0.394740 0.488461 0.189480
2 0.602116 0.290927 0.135483 0.128730
2 0.417417 0.285791 0.119209 0.137208
2 0.862907 0.378635 0.272689 0.304145
2 0.290755 0.240948 0.047134 0.035020
2 0.478644 0.248990 0.026038 0.032355
2 0.254799 0.224416 0.015848 0.020708
