3 0.6396640625 0.663565625 0.719953125 0.6740062499999999
4 0.67606953125 0.65878359375 0.6458890625 0.6644421875
5 0.70345546875 0.53063515625 0.5944109375 0.42064531250000003
6 0.72371171875 0.47259375 0.5536734375 0.31706249999999997
7 0.75516796875 0.39473984375 0.4884609375 0.1894796875
2 0.5113265625000001 0.25029140625 0.047653125000000005 0.0380828125
2 0.2407546875 0.22799999999999998 0.022134375 0.027875
2 0.0563734375 0.23017734375 0.056496875 0.0447296875
2 0.8937296874999999 0.5181875 0.21245937499999998 0.50825
2 0.26943984374999996 0.22847890624999997 0.0232546875 0.0257078125
2 0.3493453125 0.21625 0.033065625 0.026250000000000002
2 0.253125 0.22161484375 0.0375 0.0401046875
2 0.88854375 0.22740624999999998 0.0177125 0.0173125
2 0.32270625000000003 0.21810390625 0.0235375 0.026832812499999997
2 0.68100234375 0.224875 0.0338796875 0.0185
2 0.9034437499999999 0.22328125000000001 0.0412625 0.0309375
3 0.6396640625 0.663565625 0.719953125 0.6740062499999999
4 0.67606953125 0.65878359375 0.6458890625 0.6644421875
5 0.70345546875 0.53063515625 0.5944109375 0.42064531250000003
6 0.72371171875 0.47259375 0.5536734375 0.31706249999999997
7 0.75516796875 0.39473984375 0.4884609375 0.1894796875
2 0.5113265625000001 0.25029140625 0.047653125000000005 0.0380828125
2 0.2407546875 0.22799999999999998 0.022134375 0.027875
2 0.0563734375 0.23017734375 0.056496875 0.0447296875
2 0.8937296874999999 0.5181875 0.21245937499999998 0.50825
2 0.26943984374999996 0.22847890624999997 0.0232546875 0.0257078125
2 0.3493453125 0.21625 0.033065625 0.026250000000000002
2 0.253125 0.22161484375 0.0375 0.0401046875
2 0.88854375 0.22740624999999998 0.0177125 0.0173125
2 0.32270625000000003 0.21810390625 0.0235375 0.026832812499999997
2 0.68100234375 0.224875 0.0338796875 0.0185
2 0.9034437499999999 0.22328125000000001 0.0412625 0.0309375
3 0.639664 0.663566 0.719953 0.674006
4 0.676070 0.658784 0.645889 0.664442
5 0.703455 0.530635 0.594411 0.420645
6 0.723712 0.472594 0.553673 0.317062
7 0.755168 0.394740 0.488461 0.189480
2 0.511327 0.250291 0.047653 0.038083
2 0.240755 0.228000 0.022134 0.027875
2 0.056373 0.230177 0.056497 0.044730
2 0.893730 0.518188 0.212459 0.508250
2 0.269440 0.228479 0.023255 0.025708
2 0.349345 0.216250 0.033066 0.026250
2 0.253125 0.221615 0.037500 0.040105
2 0.888544 0.227406 0.017712 0.017313
2 0.322706 0.218104 0.023537 0.026833
2 0.681002 0.224875 0.033880 0.018500
2 0.903444 0.223281 0.041263 0.030937
3 0.639664 0.663566 0.719953 0.674006
4 0.676070 0.658784 0.645889 0.664442
5 0.703455 0.530635 0.594411 0.420645
6 0.723712 0.472594 0.553673 0.317062
7 0.755168 0.394740 0.488461 0.189480
2 0.511327 0.250291 0.047653 0.038083
2 0.240755 0.228000 0.022134 0.027875
2 0.056373 0.230177 0.056497 0.044730
2 0.893730 0.518188 0.212459 0.508250
2 0.269440 0.228479 0.023255 0.025708
2 0.349345 0.216250 0.033066 0.026250
2 0.253125 0.221615 0.037500 0.040105
2 0.888544 0.227406 0.017712 0.017313
2 0.322706 0.218104 0.023537 0.026833
2 0.681002 0.224875 0.033880 0.018500
2 0.903444 0.223281 0.041263 0.030937
4 0.639664 0.663566 0.719953 0.674006
5 0.676070 0.658784 0.645889 0.664442
6 0.703455 0.530635 0.594411 0.420645
7 0.723712 0.472594 0.553673 0.317062
8 0.755168 0.394740 0.488461 0.189480
3 0.511327 0.250291 0.047653 0.038083
3 0.240755 0.228000 0.022134 0.027875
3 0.056373 0.230177 0.056497 0.044730
3 0.893730 0.518188 0.212459 0.508250
3 0.269440 0.228479 0.023255 0.025708
3 0.349345 0.216250 0.033066 0.026250
3 0.253125 0.221615 0.037500 0.040105
3 0.888544 0.227406 0.017712 0.017313
3 0.322706 0.218104 0.023537 0.026833
3 0.681002 0.224875 0.033880 0.018500
3 0.903444 0.223281 0.041263 0.030937
3 0.639664 0.663566 0.719953 0.674006
4 0.676070 0.658784 0.645889 0.664442
5 0.703455 0.530635 0.594411 0.420645
6 0.723712 0.472594 0.553673 0.317062
7 0.755168 0.394740 0.488461 0.189480
2 0.511327 0.250291 0.047653 0.038083
2 0.240755 0.228000 0.022134 0.027875
2 0.056373 0.230177 0.056497 0.044730
2 0.893730 0.518188 0.212459 0.508250
2 0.269440 0.228479 0.023255 0.025708
2 0.349345 0.216250 0.033066 0.026250
2 0.253125 0.221615 0.037500 0.040105
2 0.888544 0.227406 0.017712 0.017313
2 0.322706 0.218104 0.023537 0.026833
2 0.681002 0.224875 0.033880 0.018500
2 0.903444 0.223281 0.041263 0.030937
3 0.639664 0.663566 0.719953 0.674006
4 0.676070 0.658784 0.645889 0.664442
5 0.703455 0.530635 0.594411 0.420645
6 0.723712 0.472594 0.553673 0.317062
7 0.755168 0.394740 0.488461 0.189480
2 0.511327 0.250291 0.047653 0.038083
2 0.240755 0.228000 0.022134 0.027875
2 0.056373 0.230177 0.056497 0.044730
2 0.893730 0.518188 0.212459 0.508250
2 0.269440 0.228479 0.023255 0.025708
2 0.349345 0.216250 0.033066 0.026250
2 0.253125 0.221615 0.037500 0.040105
2 0.888544 0.227406 0.017712 0.017313
2 0.322706 0.218104 0.023537 0.026833
2 0.681002 0.224875 0.033880 0.018500
2 0.903444 0.223281 0.041263 0.030937
3 0.639664 0.663566 0.719953 0.674006
4 0.676070 0.658784 0.645889 0.664442
5 0.703455 0.530635 0.594411 0.420645
6 0.723712 0.472594 0.553673 0.317062
7 0.755168 0.394740 0.488461 0.189480
2 0.511327 0.250291 0.047653 0.038083
2 0.240755 0.228000 0.022134 0.027875
2 0.056373 0.230177 0.056497 0.044730
2 0.893730 0.518188 0.212459 0.508250
2 0.269440 0.228479 0.023255 0.025708
2 0.349345 0.216250 0.033066 0.026250
2 0.253125 0.221615 0.037500 0.040105
2 0.888544 0.227406 0.017712 0.017313
2 0.322706 0.218104 0.023537 0.026833
2 0.681002 0.224875 0.033880 0.018500
2 0.903444 0.223281 0.041263 0.030937
