3 0.6396640625 0.663565625 0.719953125 0.6740062499999999
4 0.67606953125 0.65878359375 0.6458890625 0.6644421875
5 0.70345546875 0.53063515625 0.5944109375 0.42064531250000003
6 0.72371171875 0.47259375 0.5536734375 0.31706249999999997
7 0.75516796875 0.39473984375 0.4884609375 0.1894796875
2 0.665259375 0.38436484374999996 0.32114375 0.3124796875
2 0.8770492187500001 0.34864609375 0.24472343749999997 0.2035421875
2 0.43780625000000006 0.30478125 0.1256125 0.1501875
2 0.50374375 0.28318750000000004 0.0668625 0.10700000000000001
2 0.3072109375 0.25166640625 0.061296874999999994 0.0814578125
2 0.23376796875 0.23331249999999998 0.0237859375 0.026000000000000002
2 0.8994578125 0.24697890625 0.077040625 0.0439578125
2 0.72124375 0.25405234375 0.0581125 0.0424796875
2 0.72610234375 0.27757265625 0.0709546875 0.0895203125
3 0.6396640625 0.663565625 0.719953125 0.6740062499999999
4 0.67606953125 0.65878359375 0.6458890625 0.6644421875
5 0.70345546875 0.53063515625 0.5944109375 0.42064531250000003
6 0.72371171875 0.47259375 0.5536734375 0.31706249999999997
7 0.75516796875 0.39473984375 0.4884609375 0.1894796875
2 0.665259375 0.38436484374999996 0.32114375 0.3124796875
2 0.8770492187500001 0.34864609375 0.24472343749999997 0.2035421875
2 0.43780625000000006 0.30478125 0.1256125 0.1501875
2 0.50374375 0.28318750000000004 0.0668625 0.10700000000000001
2 0.3072109375 0.25166640625 0.061296874999999994 0.0814578125
2 0.23376796875 0.23331249999999998 0.0237859375 0.026000000000000002
2 0.8994578125 0.24697890625 0.077040625 0.0439578125
2 0.72124375 0.25405234375 0.0581125 0.0424796875
2 0.72610234375 0.27757265625 0.0709546875 0.0895203125
3 0.639664 0.663566 0.719953 0.674006
4 0.676070 0.658784 0.645889 0.664442
5 0.703455 0.530635 0.594411 0.420645
6 0.723712 0.472594 0.553673 0.317062
7 0.755168 0.394740 0.488461 0.189480
2 0.665259 0.384365 0.321144 0.312480
2 0.877049 0.348646 0.244723 0.203542
2 0.437806 0.304781 0.125612 0.150188
2 0.503744 0.283188 0.066863 0.107000
2 0.307211 0.251666 0.061297 0.081458
2 0.233768 0.233312 0.023786 0.026000
2 0.899458 0.246979 0.077041 0.043958
2 0.721244 0.254052 0.058112 0.042480
2 0.726102 0.277573 0.070955 0.089520
3 0.639664 0.663566 0.719953 0.674006
4 0.676070 0.658784 0.645889 0.664442
5 0.703455 0.530635 0.594411 0.420645
6 0.723712 0.472594 0.553673 0.317062
7 0.755168 0.394740 0.488461 0.189480
2 0.665259 0.384365 0.321144 0.312480
2 0.877049 0.348646 0.244723 0.203542
2 0.437806 0.304781 0.125612 0.150188
2 0.503744 0.283188 0.066863 0.107000
2 0.307211 0.251666 0.061297 0.081458
2 0.233768 0.233312 0.023786 0.026000
2 0.899458 0.246979 0.077041 0.043958
2 0.721244 0.254052 0.058112 0.042480
2 0.726102 0.277573 0.070955 0.089520
4 0.639664 0.663566 0.719953 0.674006
5 0.676070 0.658784 0.645889 0.664442
6 0.703455 0.530635 0.594411 0.420645
7 0.723712 0.472594 0.553673 0.317062
8 0.755168 0.394740 0.488461 0.189480
3 0.665259 0.384365 0.321144 0.312480
3 0.877049 0.348646 0.244723 0.203542
3 0.437806 0.304781 0.125612 0.150188
3 0.503744 0.283188 0.066863 0.107000
3 0.307211 0.251666 0.061297 0.081458
3 0.233768 0.233312 0.023786 0.026000
3 0.899458 0.246979 0.077041 0.043958
3 0.721244 0.254052 0.058112 0.042480
3 0.726102 0.277573 0.070955 0.089520
3 0.639664 0.663566 0.719953 0.674006
4 0.676070 0.658784 0.645889 0.664442
5 0.703455 0.530635 0.594411 0.420645
6 0.723712 0.472594 0.553673 0.317062
7 0.755168 0.394740 0.488461 0.189480
2 0.665259 0.384365 0.321144 0.312480
2 0.877049 0.348646 0.244723 0.203542
2 0.437806 0.304781 0.125612 0.150188
2 0.503744 0.283188 0.066863 0.107000
2 0.307211 0.251666 0.061297 0.081458
2 0.233768 0.233312 0.023786 0.026000
2 0.899458 0.246979 0.077041 0.043958
2 0.721244 0.254052 0.058112 0.042480
2 0.726102 0.277573 0.070955 0.089520
3 0.639664 0.663566 0.719953 0.674006
4 0.676070 0.658784 0.645889 0.664442
5 0.703455 0.530635 0.594411 0.420645
6 0.723712 0.472594 0.553673 0.317062
7 0.755168 0.394740 0.488461 0.189480
2 0.665259 0.384365 0.321144 0.312480
2 0.877049 0.348646 0.244723 0.203542
2 0.437806 0.304781 0.125612 0.150188
2 0.503744 0.283188 0.066863 0.107000
2 0.307211 0.251666 0.061297 0.081458
2 0.233768 0.233312 0.023786 0.026000
2 0.899458 0.246979 0.077041 0.043958
2 0.721244 0.254052 0.058112 0.042480
2 0.726102 0.277573 0.070955 0.089520
3 0.639664 0.663566 0.719953 0.674006
4 0.676070 0.658784 0.645889 0.664442
5 0.703455 0.530635 0.594411 0.420645
6 0.723712 0.472594 0.553673 0.317062
7 0.755168 0.394740 0.488461 0.189480
2 0.665259 0.384365 0.321144 0.312480
2 0.877049 0.348646 0.244723 0.203542
2 0.437806 0.304781 0.125612 0.150188
2 0.503744 0.283188 0.066863 0.107000
2 0.307211 0.251666 0.061297 0.081458
2 0.233768 0.233312 0.023786 0.026000
2 0.899458 0.246979 0.077041 0.043958
2 0.721244 0.254052 0.058112 0.042480
2 0.726102 0.277573 0.070955 0.089520
