3 0.6396640625 0.663565625 0.719953125 0.6740062499999999
4 0.67606953125 0.65878359375 0.6458890625 0.6644421875
5 0.70345546875 0.53063515625 0.5944109375 0.42064531250000003
6 0.72371171875 0.47259375 0.5536734375 0.31706249999999997
7 0.75516796875 0.39473984375 0.4884609375 0.1894796875
2 0.8800531250000001 0.32411484375 0.23823124999999998 0.17010468750000002
2 0.6004421875 0.37744765625000004 0.263384375 0.25177031250000004
2 0.44196953125 0.26733359375 0.0683140625 0.0784171875
2 0.7505835937499999 0.25473984375000003 0.0636671875 0.0532296875
2 0.8194984375000001 0.2435 0.073371875 0.052625
2 0.23921562500000002 0.23102109375 0.025306250000000002 0.0245421875
2 0.6282078125 0.25408359375 0.078290625 0.058167187499999995
2 0.33784765625 0.2564375 0.0756953125 0.1035
2 0.68599609375 0.32560390625 0.0782421875 0.0949578125
2 0.48100859375000005 0.26592734375 0.0338921875 0.0506046875
2 0.28883281250000004 0.2408125 0.040165624999999996 0.075375
2 0.6842390625 0.26064609375000003 0.043478125 0.0400421875
3 0.6396640625 0.663565625 0.719953125 0.6740062499999999
4 0.67606953125 0.65878359375 0.6458890625 0.6644421875
5 0.70345546875 0.53063515625 0.5944109375 0.42064531250000003
6 0.72371171875 0.47259375 0.5536734375 0.31706249999999997
7 0.75516796875 0.39473984375 0.4884609375 0.1894796875
2 0.8800531250000001 0.32411484375 0.23823124999999998 0.17010468750000002
2 0.6004421875 0.37744765625000004 0.263384375 0.25177031250000004
2 0.44196953125 0.26733359375 0.0683140625 0.0784171875
2 0.7505835937499999 0.25473984375000003 0.0636671875 0.0532296875
2 0.8194984375000001 0.2435 0.073371875 0.052625
2 0.23921562500000002 0.23102109375 0.025306250000000002 0.0245421875
2 0.6282078125 0.25408359375 0.078290625 0.058167187499999995
2 0.33784765625 0.2564375 0.0756953125 0.1035
2 0.68599609375 0.32560390625 0.0782421875 0.0949578125
2 0.48100859375000005 0.26592734375 0.0338921875 0.0506046875
2 0.28883281250000004 0.2408125 0.040165624999999996 0.075375
2 0.6842390625 0.26064609375000003 0.043478125 0.0400421875
3 0.639664 0.663566 0.719953 0.674006
4 0.676070 0.658784 0.645889 0.664442
5 0.703455 0.530635 0.594411 0.420645
6 0.723712 0.472594 0.553673 0.317062
7 0.755168 0.394740 0.488461 0.189480
2 0.880053 0.324115 0.238231 0.170105
2 0.600442 0.377448 0.263384 0.251770
2 0.441970 0.267334 0.068314 0.078417
2 0.750584 0.254740 0.063667 0.053230
2 0.819498 0.243500 0.073372 0.052625
2 0.239216 0.231021 0.025306 0.024542
2 0.628208 0.254084 0.078291 0.058167
2 0.337848 0.256437 0.075695 0.103500
2 0.685996 0.325604 0.078242 0.094958
2 0.481009 0.265927 0.033892 0.050605
2 0.288833 0.240813 0.040166 0.075375
2 0.684239 0.260646 0.043478 0.040042
3 0.639664 0.663566 0.719953 0.674006
4 0.676070 0.658784 0.645889 0.664442
5 0.703455 0.530635 0.594411 0.420645
6 0.723712 0.472594 0.553673 0.317062
7 0.755168 0.394740 0.488461 0.189480
2 0.880053 0.324115 0.238231 0.170105
2 0.600442 0.377448 0.263384 0.251770
2 0.441970 0.267334 0.068314 0.078417
2 0.750584 0.254740 0.063667 0.053230
2 0.819498 0.243500 0.073372 0.052625
2 0.239216 0.231021 0.025306 0.024542
2 0.628208 0.254084 0.078291 0.058167
2 0.337848 0.256437 0.075695 0.103500
2 0.685996 0.325604 0.078242 0.094958
2 0.481009 0.265927 0.033892 0.050605
2 0.288833 0.240813 0.040166 0.075375
2 0.684239 0.260646 0.043478 0.040042
4 0.639664 0.663566 0.719953 0.674006
5 0.676070 0.658784 0.645889 0.664442
6 0.703455 0.530635 0.594411 0.420645
7 0.723712 0.472594 0.553673 0.317062
8 0.755168 0.394740 0.488461 0.189480
3 0.880053 0.324115 0.238231 0.170105
3 0.600442 0.377448 0.263384 0.251770
3 0.441970 0.267334 0.068314 0.078417
3 0.750584 0.254740 0.063667 0.053230
3 0.819498 0.243500 0.073372 0.052625
3 0.239216 0.231021 0.025306 0.024542
3 0.628208 0.254084 0.078291 0.058167
3 0.337848 0.256437 0.075695 0.103500
3 0.685996 0.325604 0.078242 0.094958
3 0.481009 0.265927 0.033892 0.050605
3 0.288833 0.240813 0.040166 0.075375
3 0.684239 0.260646 0.043478 0.040042
3 0.639664 0.663566 0.719953 0.674006
4 0.676070 0.658784 0.645889 0.664442
5 0.703455 0.530635 0.594411 0.420645
6 0.723712 0.472594 0.553673 0.317062
7 0.755168 0.394740 0.488461 0.189480
2 0.880053 0.324115 0.238231 0.170105
2 0.600442 0.377448 0.263384 0.251770
2 0.441970 0.267334 0.068314 0.078417
2 0.750584 0.254740 0.063667 0.053230
2 0.819498 0.243500 0.073372 0.052625
2 0.239216 0.231021 0.025306 0.024542
2 0.628208 0.254084 0.078291 0.058167
2 0.337848 0.256437 0.075695 0.103500
2 0.685996 0.325604 0.078242 0.094958
2 0.481009 0.265927 0.033892 0.050605
2 0.288833 0.240813 0.040166 0.075375
2 0.684239 0.260646 0.043478 0.040042
3 0.639664 0.663566 0.719953 0.674006
4 0.676070 0.658784 0.645889 0.664442
5 0.703455 0.530635 0.594411 0.420645
6 0.723712 0.472594 0.553673 0.317062
7 0.755168 0.394740 0.488461 0.189480
2 0.880053 0.324115 0.238231 0.170105
2 0.600442 0.377448 0.263384 0.251770
2 0.441970 0.267334 0.068314 0.078417
2 0.750584 0.254740 0.063667 0.053230
2 0.819498 0.243500 0.073372 0.052625
2 0.239216 0.231021 0.025306 0.024542
2 0.628208 0.254084 0.078291 0.058167
2 0.337848 0.256437 0.075695 0.103500
2 0.685996 0.325604 0.078242 0.094958
2 0.481009 0.265927 0.033892 0.050605
2 0.288833 0.240813 0.040166 0.075375
2 0.684239 0.260646 0.043478 0.040042
3 0.639664 0.663566 0.719953 0.674006
4 0.676070 0.658784 0.645889 0.664442
5 0.703455 0.530635 0.594411 0.420645
6 0.723712 0.472594 0.553673 0.317062
7 0.755168 0.394740 0.488461 0.189480
2 0.880053 0.324115 0.238231 0.170105
2 0.600442 0.377448 0.263384 0.251770
2 0.441970 0.267334 0.068314 0.078417
2 0.750584 0.254740 0.063667 0.053230
2 0.819498 0.243500 0.073372 0.052625
2 0.239216 0.231021 0.025306 0.024542
2 0.628208 0.254084 0.078291 0.058167
2 0.337848 0.256437 0.075695 0.103500
2 0.685996 0.325604 0.078242 0.094958
2 0.481009 0.265927 0.033892 0.050605
2 0.288833 0.240813 0.040166 0.075375
2 0.684239 0.260646 0.043478 0.040042
