3 0.6396640625 0.663565625 0.719953125 0.6740062499999999
4 0.67606953125 0.65878359375 0.6458890625 0.6644421875
5 0.70345546875 0.53063515625 0.5944109375 0.42064531250000003
6 0.72371171875 0.47455625 0.5536734375 0.31161249999999996
7 0.7510625 0.44572031249999994 0.499 0.235190625
2 0.35373828125 0.3075625 0.0387265625 0.046375
2 0.2904484375 0.30809375 0.040271875 0.0411875
2 0.46008281249999994 0.29919765625 0.045165625 0.0577703125
2 0.3995578125 0.30782265625 0.039740625 0.0375203125
2 0.08537734375 0.29312499999999997 0.0582546875 0.042499999999999996
2 0.49833125 0.30434375 0.0341625 0.033687499999999995
3 0.6396640625 0.663565625 0.719953125 0.6740062499999999
4 0.67606953125 0.65878359375 0.6458890625 0.6644421875
5 0.70345546875 0.53063515625 0.5944109375 0.42064531250000003
6 0.72371171875 0.47455625 0.5536734375 0.31161249999999996
7 0.7510625 0.44572031249999994 0.499 0.235190625
2 0.35373828125 0.3075625 0.0387265625 0.046375
2 0.2904484375 0.30809375 0.040271875 0.0411875
2 0.46008281249999994 0.29919765625 0.045165625 0.0577703125
2 0.3995578125 0.30782265625 0.039740625 0.0375203125
2 0.08537734375 0.29312499999999997 0.0582546875 0.042499999999999996
2 0.49833125 0.30434375 0.0341625 0.033687499999999995
3 0.639664 0.663566 0.719953 0.674006
4 0.676070 0.658784 0.645889 0.664442
5 0.703455 0.530635 0.594411 0.420645
6 0.723712 0.474556 0.553673 0.311612
7 0.751062 0.445720 0.499000 0.235191
2 0.353738 0.307563 0.038727 0.046375
2 0.290448 0.308094 0.040272 0.041188
2 0.460083 0.299198 0.045166 0.057770
2 0.399558 0.307823 0.039741 0.037520
2 0.085377 0.293125 0.058255 0.042500
2 0.498331 0.304344 0.034162 0.033687
3 0.639664 0.663566 0.719953 0.674006
4 0.676070 0.658784 0.645889 0.664442
5 0.703455 0.530635 0.594411 0.420645
6 0.723712 0.474556 0.553673 0.311612
7 0.751062 0.445720 0.499000 0.235191
2 0.353738 0.307563 0.038727 0.046375
2 0.290448 0.308094 0.040272 0.041188
2 0.460083 0.299198 0.045166 0.057770
2 0.399558 0.307823 0.039741 0.037520
2 0.085377 0.293125 0.058255 0.042500
2 0.498331 0.304344 0.034162 0.033687
4 0.639664 0.663566 0.719953 0.674006
5 0.676070 0.658784 0.645889 0.664442
6 0.703455 0.530635 0.594411 0.420645
7 0.723712 0.474556 0.553673 0.311612
8 0.751062 0.445720 0.499000 0.235191
3 0.353738 0.307563 0.038727 0.046375
3 0.290448 0.308094 0.040272 0.041188
3 0.460083 0.299198 0.045166 0.057770
3 0.399558 0.307823 0.039741 0.037520
3 0.085377 0.293125 0.058255 0.042500
3 0.498331 0.304344 0.034162 0.033687
3 0.639664 0.663566 0.719953 0.674006
4 0.676070 0.658784 0.645889 0.664442
5 0.703455 0.530635 0.594411 0.420645
6 0.723712 0.474556 0.553673 0.311612
7 0.751062 0.445720 0.499000 0.235191
2 0.353738 0.307563 0.038727 0.046375
2 0.290448 0.308094 0.040272 0.041188
2 0.460083 0.299198 0.045166 0.057770
2 0.399558 0.307823 0.039741 0.037520
2 0.085377 0.293125 0.058255 0.042500
2 0.498331 0.304344 0.034162 0.033687
3 0.639664 0.663566 0.719953 0.674006
4 0.676070 0.658784 0.645889 0.664442
5 0.703455 0.530635 0.594411 0.420645
6 0.723712 0.474556 0.553673 0.311612
7 0.751062 0.445720 0.499000 0.235191
2 0.353738 0.307563 0.038727 0.046375
2 0.290448 0.308094 0.040272 0.041188
2 0.460083 0.299198 0.045166 0.057770
2 0.399558 0.307823 0.039741 0.037520
2 0.085377 0.293125 0.058255 0.042500
2 0.498331 0.304344 0.034162 0.033687
3 0.639664 0.663566 0.719953 0.674006
4 0.676070 0.658784 0.645889 0.664442
5 0.703455 0.530635 0.594411 0.420645
6 0.723712 0.474556 0.553673 0.311612
7 0.751062 0.445720 0.499000 0.235191
2 0.353738 0.307563 0.038727 0.046375
2 0.290448 0.308094 0.040272 0.041188
2 0.460083 0.299198 0.045166 0.057770
2 0.399558 0.307823 0.039741 0.037520
2 0.085377 0.293125 0.058255 0.042500
2 0.498331 0.304344 0.034162 0.033687
