3 0.6396640625 0.663565625 0.719953125 0.6740062499999999
4 0.67606953125 0.65878359375 0.6458890625 0.6644421875
5 0.70345546875 0.53063515625 0.5944109375 0.42064531250000003
6 0.72371171875 0.47259375 0.5536734375 0.31706249999999997
7 0.75516796875 0.39473984375 0.4884609375 0.1894796875
2 0.65396796875 0.36730234375 0.3110609375 0.3064796875
2 0.370365625 0.25358359375 0.09698124999999999 0.10716718750000001
2 0.30328984375 0.23199999999999998 0.0534546875 0.05775
2 0.46043046875 0.24434375 0.0833609375 0.0886875
2 0.5079125 0.22738515625 0.047075 0.0641453125
2 0.47543046875000006 0.2610625 0.06648593750000001 0.06587499999999999
2 0.41323125000000005 0.2185625 0.0295875 0.04025
2 0.06275937499999999 0.2069375 0.05676875 0.045125
2 0.1525234375 0.20710390625000002 0.033171875 0.0392078125
2 0.24834921875 0.21478125 0.0279484375 0.029562500000000002
2 0.7853421875000001 0.22504140625 0.083184375 0.0500828125
2 0.75076640625 0.28170859375 0.14840781249999999 0.19154218750000002
2 0.48699843749999994 0.24610390624999998 0.067746875 0.0703328125
2 0.22829609374999998 0.21241640625000002 0.0222171875 0.027957812500000002
3 0.6396640625 0.663565625 0.719953125 0.6740062499999999
4 0.67606953125 0.65878359375 0.6458890625 0.6644421875
5 0.70345546875 0.53063515625 0.5944109375 0.42064531250000003
6 0.72371171875 0.47259375 0.5536734375 0.31706249999999997
7 0.75516796875 0.39473984375 0.4884609375 0.1894796875
2 0.65396796875 0.36730234375 0.3110609375 0.3064796875
2 0.370365625 0.25358359375 0.09698124999999999 0.10716718750000001
2 0.30328984375 0.23199999999999998 0.0534546875 0.05775
2 0.46043046875 0.24434375 0.0833609375 0.0886875
2 0.5079125 0.22738515625 0.047075 0.0641453125
2 0.47543046875000006 0.2610625 0.06648593750000001 0.06587499999999999
2 0.41323125000000005 0.2185625 0.0295875 0.04025
2 0.06275937499999999 0.2069375 0.05676875 0.045125
2 0.1525234375 0.20710390625000002 0.033171875 0.0392078125
2 0.24834921875 0.21478125 0.0279484375 0.029562500000000002
2 0.7853421875000001 0.22504140625 0.083184375 0.0500828125
2 0.75076640625 0.28170859375 0.14840781249999999 0.19154218750000002
2 0.48699843749999994 0.24610390624999998 0.067746875 0.0703328125
2 0.22829609374999998 0.21241640625000002 0.0222171875 0.027957812500000002
3 0.639664 0.663566 0.719953 0.674006
4 0.676070 0.658784 0.645889 0.664442
5 0.703455 0.530635 0.594411 0.420645
6 0.723712 0.472594 0.553673 0.317062
7 0.755168 0.394740 0.488461 0.189480
2 0.653968 0.367302 0.311061 0.306480
2 0.370366 0.253584 0.096981 0.107167
2 0.303290 0.232000 0.053455 0.057750
2 0.460430 0.244344 0.083361 0.088688
2 0.507912 0.227385 0.047075 0.064145
2 0.475430 0.261062 0.066486 0.065875
2 0.413231 0.218562 0.029587 0.040250
2 0.062759 0.206937 0.056769 0.045125
2 0.152523 0.207104 0.033172 0.039208
2 0.248349 0.214781 0.027948 0.029563
2 0.785342 0.225041 0.083184 0.050083
2 0.750766 0.281709 0.148408 0.191542
2 0.486998 0.246104 0.067747 0.070333
2 0.228296 0.212416 0.022217 0.027958
3 0.639664 0.663566 0.719953 0.674006
4 0.676070 0.658784 0.645889 0.664442
5 0.703455 0.530635 0.594411 0.420645
6 0.723712 0.472594 0.553673 0.317062
7 0.755168 0.394740 0.488461 0.189480
2 0.653968 0.367302 0.311061 0.306480
2 0.370366 0.253584 0.096981 0.107167
2 0.303290 0.232000 0.053455 0.057750
2 0.460430 0.244344 0.083361 0.088688
2 0.507912 0.227385 0.047075 0.064145
2 0.475430 0.261062 0.066486 0.065875
2 0.413231 0.218562 0.029587 0.040250
2 0.062759 0.206937 0.056769 0.045125
2 0.152523 0.207104 0.033172 0.039208
2 0.248349 0.214781 0.027948 0.029563
2 0.785342 0.225041 0.083184 0.050083
2 0.750766 0.281709 0.148408 0.191542
2 0.486998 0.246104 0.067747 0.070333
2 0.228296 0.212416 0.022217 0.027958
4 0.639664 0.663566 0.719953 0.674006
5 0.676070 0.658784 0.645889 0.664442
6 0.703455 0.530635 0.594411 0.420645
7 0.723712 0.472594 0.553673 0.317062
8 0.755168 0.394740 0.488461 0.189480
3 0.653968 0.367302 0.311061 0.306480
3 0.370366 0.253584 0.096981 0.107167
3 0.303290 0.232000 0.053455 0.057750
3 0.460430 0.244344 0.083361 0.088688
3 0.507912 0.227385 0.047075 0.064145
3 0.475430 0.261062 0.066486 0.065875
3 0.413231 0.218562 0.029587 0.040250
3 0.062759 0.206937 0.056769 0.045125
3 0.152523 0.207104 0.033172 0.039208
3 0.248349 0.214781 0.027948 0.029563
3 0.785342 0.225041 0.083184 0.050083
3 0.750766 0.281709 0.148408 0.191542
3 0.486998 0.246104 0.067747 0.070333
3 0.228296 0.212416 0.022217 0.027958
3 0.639664 0.663566 0.719953 0.674006
4 0.676070 0.658784 0.645889 0.664442
5 0.703455 0.530635 0.594411 0.420645
6 0.723712 0.472594 0.553673 0.317062
7 0.755168 0.394740 0.488461 0.189480
2 0.653968 0.367302 0.311061 0.306480
2 0.370366 0.253584 0.096981 0.107167
2 0.303290 0.232000 0.053455 0.057750
2 0.460430 0.244344 0.083361 0.088688
2 0.507912 0.227385 0.047075 0.064145
2 0.475430 0.261062 0.066486 0.065875
2 0.413231 0.218562 0.029587 0.040250
2 0.062759 0.206937 0.056769 0.045125
2 0.152523 0.207104 0.033172 0.039208
2 0.248349 0.214781 0.027948 0.029563
2 0.785342 0.225041 0.083184 0.050083
2 0.750766 0.281709 0.148408 0.191542
2 0.486998 0.246104 0.067747 0.070333
2 0.228296 0.212416 0.022217 0.027958
3 0.639664 0.663566 0.719953 0.674006
4 0.676070 0.658784 0.645889 0.664442
5 0.703455 0.530635 0.594411 0.420645
6 0.723712 0.472594 0.553673 0.317062
7 0.755168 0.394740 0.488461 0.189480
2 0.653968 0.367302 0.311061 0.306480
2 0.370366 0.253584 0.096981 0.107167
2 0.303290 0.232000 0.053455 0.057750
2 0.460430 0.244344 0.083361 0.088688
2 0.507912 0.227385 0.047075 0.064145
2 0.475430 0.261062 0.066486 0.065875
2 0.413231 0.218562 0.029587 0.040250
2 0.062759 0.206937 0.056769 0.045125
2 0.152523 0.207104 0.033172 0.039208
2 0.248349 0.214781 0.027948 0.029563
2 0.785342 0.225041 0.083184 0.050083
2 0.750766 0.281709 0.148408 0.191542
2 0.486998 0.246104 0.067747 0.070333
2 0.228296 0.212416 0.022217 0.027958
3 0.639664 0.663566 0.719953 0.674006
4 0.676070 0.658784 0.645889 0.664442
5 0.703455 0.530635 0.594411 0.420645
6 0.723712 0.472594 0.553673 0.317062
7 0.755168 0.394740 0.488461 0.189480
2 0.653968 0.367302 0.311061 0.306480
2 0.370366 0.253584 0.096981 0.107167
2 0.303290 0.232000 0.053455 0.057750
2 0.460430 0.244344 0.083361 0.088688
2 0.507912 0.227385 0.047075 0.064145
2 0.475430 0.261062 0.066486 0.065875
2 0.413231 0.218562 0.029587 0.040250
2 0.062759 0.206937 0.056769 0.045125
2 0.152523 0.207104 0.033172 0.039208
2 0.248349 0.214781 0.027948 0.029563
2 0.785342 0.225041 0.083184 0.050083
2 0.750766 0.281709 0.148408 0.191542
2 0.486998 0.246104 0.067747 0.070333
2 0.228296 0.212416 0.022217 0.027958
