3 0.6396640625 0.663565625 0.719953125 0.6740062499999999
4 0.67606953125 0.65878359375 0.6458890625 0.6644421875
5 0.70345546875 0.53063515625 0.5944109375 0.42064531250000003
6 0.72371171875 0.47259375 0.5536734375 0.31706249999999997
7 0.75516796875 0.39473984375 0.4884609375 0.1894796875
2 0.6379421875 0.30453125000000003 0.18213437500000002 0.17781249999999998
2 0.35631484375 0.265125 0.0845046875 0.095875
2 0.4962734375 0.26677109374999997 0.089421875 0.0991671875
2 0.94363203125 0.28327109375 0.11226406250000001 0.24154218749999998
2 0.2774 0.23981249999999998 0.026674999999999997 0.029625000000000002
2 0.4471578125 0.24229140624999998 0.028690624999999997 0.0377078125
3 0.6396640625 0.663565625 0.719953125 0.6740062499999999
4 0.67606953125 0.65878359375 0.6458890625 0.6644421875
5 0.70345546875 0.53063515625 0.5944109375 0.42064531250000003
6 0.72371171875 0.47259375 0.5536734375 0.31706249999999997
7 0.75516796875 0.39473984375 0.4884609375 0.1894796875
2 0.6379421875 0.30453125000000003 0.18213437500000002 0.17781249999999998
2 0.35631484375 0.265125 0.0845046875 0.095875
2 0.4962734375 0.26677109374999997 0.089421875 0.0991671875
2 0.94363203125 0.28327109375 0.11226406250000001 0.24154218749999998
2 0.2774 0.23981249999999998 0.026674999999999997 0.029625000000000002
2 0.4471578125 0.24229140624999998 0.028690624999999997 0.0377078125
3 0.639664 0.663566 0.719953 0.674006
4 0.676070 0.658784 0.645889 0.664442
5 0.703455 0.530635 0.594411 0.420645
6 0.723712 0.472594 0.553673 0.317062
7 0.755168 0.394740 0.488461 0.189480
2 0.637942 0.304531 0.182134 0.177812
2 0.356315 0.265125 0.084505 0.095875
2 0.496273 0.266771 0.089422 0.099167
2 0.943632 0.283271 0.112264 0.241542
2 0.277400 0.239812 0.026675 0.029625
2 0.447158 0.242291 0.028691 0.037708
3 0.639664 0.663566 0.719953 0.674006
4 0.676070 0.658784 0.645889 0.664442
5 0.703455 0.530635 0.594411 0.420645
6 0.723712 0.472594 0.553673 0.317062
7 0.755168 0.394740 0.488461 0.189480
2 0.637942 0.304531 0.182134 0.177812
2 0.356315 0.265125 0.084505 0.095875
2 0.496273 0.266771 0.089422 0.099167
2 0.943632 0.283271 0.112264 0.241542
2 0.277400 0.239812 0.026675 0.029625
2 0.447158 0.242291 0.028691 0.037708
4 0.639664 0.663566 0.719953 0.674006
5 0.676070 0.658784 0.645889 0.664442
6 0.703455 0.530635 0.594411 0.420645
7 0.723712 0.472594 0.553673 0.317062
8 0.755168 0.394740 0.488461 0.189480
3 0.637942 0.304531 0.182134 0.177812
3 0.356315 0.265125 0.084505 0.095875
3 0.496273 0.266771 0.089422 0.099167
3 0.943632 0.283271 0.112264 0.241542
3 0.277400 0.239812 0.026675 0.029625
3 0.447158 0.242291 0.028691 0.037708
3 0.639664 0.663566 0.719953 0.674006
4 0.676070 0.658784 0.645889 0.664442
5 0.703455 0.530635 0.594411 0.420645
6 0.723712 0.472594 0.553673 0.317062
7 0.755168 0.394740 0.488461 0.189480
2 0.637942 0.304531 0.182134 0.177812
2 0.356315 0.265125 0.084505 0.095875
2 0.496273 0.266771 0.089422 0.099167
2 0.943632 0.283271 0.112264 0.241542
2 0.277400 0.239812 0.026675 0.029625
2 0.447158 0.242291 0.028691 0.037708
3 0.639664 0.663566 0.719953 0.674006
4 0.676070 0.658784 0.645889 0.664442
5 0.703455 0.530635 0.594411 0.420645
6 0.723712 0.472594 0.553673 0.317062
7 0.755168 0.394740 0.488461 0.189480
2 0.637942 0.304531 0.182134 0.177812
2 0.356315 0.265125 0.084505 0.095875
2 0.496273 0.266771 0.089422 0.099167
2 0.943632 0.283271 0.112264 0.241542
2 0.277400 0.239812 0.026675 0.029625
2 0.447158 0.242291 0.028691 0.037708
3 0.639664 0.663566 0.719953 0.674006
4 0.676070 0.658784 0.645889 0.664442
5 0.703455 0.530635 0.594411 0.420645
6 0.723712 0.472594 0.553673 0.317062
7 0.755168 0.394740 0.488461 0.189480
2 0.637942 0.304531 0.182134 0.177812
2 0.356315 0.265125 0.084505 0.095875
2 0.496273 0.266771 0.089422 0.099167
2 0.943632 0.283271 0.112264 0.241542
2 0.277400 0.239812 0.026675 0.029625
2 0.447158 0.242291 0.028691 0.037708
