3 0.6396640625 0.663565625 0.719953125 0.6740062499999999
4 0.67606953125 0.65878359375 0.6458890625 0.6644421875
5 0.70345546875 0.53063515625 0.5944109375 0.42064531250000003
6 0.72371171875 0.47259375 0.5536734375 0.31706249999999997
7 0.75516796875 0.39473984375 0.4884609375 0.1894796875
2 0.41448671875 0.29725 0.11334843750000001 0.12887500000000002
2 0.8699054687500001 0.41755234375 0.25543593750000004 0.3038546875
2 0.790259375 0.30878125 0.14614375 0.12068749999999999
2 0.6040390625 0.29834375 0.12057812500000001 0.10918749999999999
2 0.2823109375 0.25063515625 0.055246874999999994 0.0668953125
2 0.34045390625 0.27647890625000004 0.0527828125 0.0810828125
2 0.9796109375000001 0.25255234375 0.040471875000000004 0.0457296875
8 0.51712265625 0.33444765625 0.056120312500000005 0.1376453125
2 0.46011796875 0.25002109375 0.0514859375 0.0625421875
2 0.6572585937500001 0.26895859375 0.0395171875 0.0379171875
2 0.23843125 0.24535390625 0.0206125 0.0219578125
3 0.6396640625 0.663565625 0.719953125 0.6740062499999999
4 0.67606953125 0.65878359375 0.6458890625 0.6644421875
5 0.70345546875 0.53063515625 0.5944109375 0.42064531250000003
6 0.72371171875 0.47259375 0.5536734375 0.31706249999999997
7 0.75516796875 0.39473984375 0.4884609375 0.1894796875
2 0.41448671875 0.29725 0.11334843750000001 0.12887500000000002
2 0.8699054687500001 0.41755234375 0.25543593750000004 0.3038546875
2 0.790259375 0.30878125 0.14614375 0.12068749999999999
2 0.6040390625 0.29834375 0.12057812500000001 0.10918749999999999
2 0.2823109375 0.25063515625 0.055246874999999994 0.0668953125
2 0.34045390625 0.27647890625000004 0.0527828125 0.0810828125
2 0.9796109375000001 0.25255234375 0.040471875000000004 0.0457296875
8 0.51712265625 0.33444765625 0.056120312500000005 0.1376453125
2 0.46011796875 0.25002109375 0.0514859375 0.0625421875
2 0.6572585937500001 0.26895859375 0.0395171875 0.0379171875
2 0.23843125 0.24535390625 0.0206125 0.0219578125
3 0.639664 0.663566 0.719953 0.674006
4 0.676070 0.658784 0.645889 0.664442
5 0.703455 0.530635 0.594411 0.420645
6 0.723712 0.472594 0.553673 0.317062
7 0.755168 0.394740 0.488461 0.189480
2 0.414487 0.297250 0.113348 0.128875
2 0.869905 0.417552 0.255436 0.303855
2 0.790259 0.308781 0.146144 0.120687
2 0.604039 0.298344 0.120578 0.109187
2 0.282311 0.250635 0.055247 0.066895
2 0.340454 0.276479 0.052783 0.081083
2 0.979611 0.252552 0.040472 0.045730
8 0.517123 0.334448 0.056120 0.137645
2 0.460118 0.250021 0.051486 0.062542
2 0.657259 0.268959 0.039517 0.037917
2 0.238431 0.245354 0.020612 0.021958
3 0.639664 0.663566 0.719953 0.674006
4 0.676070 0.658784 0.645889 0.664442
5 0.703455 0.530635 0.594411 0.420645
6 0.723712 0.472594 0.553673 0.317062
7 0.755168 0.394740 0.488461 0.189480
2 0.414487 0.297250 0.113348 0.128875
2 0.869905 0.417552 0.255436 0.303855
2 0.790259 0.308781 0.146144 0.120687
2 0.604039 0.298344 0.120578 0.109187
2 0.282311 0.250635 0.055247 0.066895
2 0.340454 0.276479 0.052783 0.081083
2 0.979611 0.252552 0.040472 0.045730
8 0.517123 0.334448 0.056120 0.137645
2 0.460118 0.250021 0.051486 0.062542
2 0.657259 0.268959 0.039517 0.037917
2 0.238431 0.245354 0.020612 0.021958
4 0.639664 0.663566 0.719953 0.674006
5 0.676070 0.658784 0.645889 0.664442
6 0.703455 0.530635 0.594411 0.420645
7 0.723712 0.472594 0.553673 0.317062
8 0.755168 0.394740 0.488461 0.189480
3 0.414487 0.297250 0.113348 0.128875
3 0.869905 0.417552 0.255436 0.303855
3 0.790259 0.308781 0.146144 0.120687
3 0.604039 0.298344 0.120578 0.109187
3 0.282311 0.250635 0.055247 0.066895
3 0.340454 0.276479 0.052783 0.081083
3 0.979611 0.252552 0.040472 0.045730
9 0.517123 0.334448 0.056120 0.137645
3 0.460118 0.250021 0.051486 0.062542
3 0.657259 0.268959 0.039517 0.037917
3 0.238431 0.245354 0.020612 0.021958
3 0.639664 0.663566 0.719953 0.674006
4 0.676070 0.658784 0.645889 0.664442
5 0.703455 0.530635 0.594411 0.420645
6 0.723712 0.472594 0.553673 0.317062
7 0.755168 0.394740 0.488461 0.189480
2 0.414487 0.297250 0.113348 0.128875
2 0.869905 0.417552 0.255436 0.303855
2 0.790259 0.308781 0.146144 0.120687
2 0.604039 0.298344 0.120578 0.109187
2 0.282311 0.250635 0.055247 0.066895
2 0.340454 0.276479 0.052783 0.081083
2 0.979611 0.252552 0.040472 0.045730
8 0.517123 0.334448 0.056120 0.137645
2 0.460118 0.250021 0.051486 0.062542
2 0.657259 0.268959 0.039517 0.037917
2 0.238431 0.245354 0.020612 0.021958
3 0.639664 0.663566 0.719953 0.674006
4 0.676070 0.658784 0.645889 0.664442
5 0.703455 0.530635 0.594411 0.420645
6 0.723712 0.472594 0.553673 0.317062
7 0.755168 0.394740 0.488461 0.189480
2 0.414487 0.297250 0.113348 0.128875
2 0.869905 0.417552 0.255436 0.303855
2 0.790259 0.308781 0.146144 0.120687
2 0.604039 0.298344 0.120578 0.109187
2 0.282311 0.250635 0.055247 0.066895
2 0.340454 0.276479 0.052783 0.081083
2 0.979611 0.252552 0.040472 0.045730
8 0.517123 0.334448 0.056120 0.137645
2 0.460118 0.250021 0.051486 0.062542
2 0.657259 0.268959 0.039517 0.037917
2 0.238431 0.245354 0.020612 0.021958
3 0.639664 0.663566 0.719953 0.674006
4 0.676070 0.658784 0.645889 0.664442
5 0.703455 0.530635 0.594411 0.420645
6 0.723712 0.472594 0.553673 0.317062
7 0.755168 0.394740 0.488461 0.189480
2 0.414487 0.297250 0.113348 0.128875
2 0.869905 0.417552 0.255436 0.303855
2 0.790259 0.308781 0.146144 0.120687
2 0.604039 0.298344 0.120578 0.109187
2 0.282311 0.250635 0.055247 0.066895
2 0.340454 0.276479 0.052783 0.081083
2 0.979611 0.252552 0.040472 0.045730
8 0.517123 0.334448 0.056120 0.137645
2 0.460118 0.250021 0.051486 0.062542
2 0.657259 0.268959 0.039517 0.037917
2 0.238431 0.245354 0.020612 0.021958
