3 0.63359375 0.6505656249999999 0.7328125 0.6980062499999999
4 0.6666078125 0.644853125 0.664465625 0.68970625
5 0.6900070312500001 0.52228984375 0.6206390625 0.4383296875
6 0.7171875 0.46268671875 0.565625 0.3347484375
7 0.7510625 0.44572031249999994 0.499 0.235190625
2 0.3032609375 0.27728125000000003 0.037771874999999996 0.0389375
2 0.49936875000000003 0.27301015624999997 0.0487375 0.049145312499999996
2 0.35788359375 0.27841640624999997 0.0376421875 0.0412078125
2 0.39527734375 0.27685390625 0.0343046875 0.034957812500000005
2 0.4533078125 0.27626015625 0.034740625000000004 0.033770312499999997
3 0.63359375 0.6505656249999999 0.7328125 0.6980062499999999
4 0.6666078125 0.644853125 0.664465625 0.68970625
5 0.6900070312500001 0.52228984375 0.6206390625 0.4383296875
6 0.7171875 0.46268671875 0.565625 0.3347484375
7 0.7510625 0.44572031249999994 0.499 0.235190625
2 0.3032609375 0.27728125000000003 0.037771874999999996 0.0389375
2 0.49936875000000003 0.27301015624999997 0.0487375 0.049145312499999996
2 0.35788359375 0.27841640624999997 0.0376421875 0.0412078125
2 0.39527734375 0.27685390625 0.0343046875 0.034957812500000005
2 0.4533078125 0.27626015625 0.034740625000000004 0.033770312499999997
3 0.633594 0.650566 0.732812 0.698006
4 0.666608 0.644853 0.664466 0.689706
5 0.690007 0.522290 0.620639 0.438330
6 0.717187 0.462687 0.565625 0.334748
7 0.751062 0.445720 0.499000 0.235191
2 0.303261 0.277281 0.037772 0.038937
2 0.499369 0.273010 0.048738 0.049145
2 0.357884 0.278416 0.037642 0.041208
2 0.395277 0.276854 0.034305 0.034958
2 0.453308 0.276260 0.034741 0.033770
3 0.633594 0.650566 0.732812 0.698006
4 0.666608 0.644853 0.664466 0.689706
5 0.690007 0.522290 0.620639 0.438330
6 0.717187 0.462687 0.565625 0.334748
7 0.751062 0.445720 0.499000 0.235191
2 0.303261 0.277281 0.037772 0.038937
2 0.499369 0.273010 0.048738 0.049145
2 0.357884 0.278416 0.037642 0.041208
2 0.395277 0.276854 0.034305 0.034958
2 0.453308 0.276260 0.034741 0.033770
4 0.633594 0.650566 0.732812 0.698006
5 0.666608 0.644853 0.664466 0.689706
6 0.690007 0.522290 0.620639 0.438330
7 0.717187 0.462687 0.565625 0.334748
8 0.751062 0.445720 0.499000 0.235191
3 0.303261 0.277281 0.037772 0.038937
3 0.499369 0.273010 0.048738 0.049145
3 0.357884 0.278416 0.037642 0.041208
3 0.395277 0.276854 0.034305 0.034958
3 0.453308 0.276260 0.034741 0.033770
3 0.633594 0.650566 0.732812 0.698006
4 0.666608 0.644853 0.664466 0.689706
5 0.690007 0.522290 0.620639 0.438330
6 0.717187 0.462687 0.565625 0.334748
7 0.751062 0.445720 0.499000 0.235191
2 0.303261 0.277281 0.037772 0.038937
2 0.499369 0.273010 0.048738 0.049145
2 0.357884 0.278416 0.037642 0.041208
2 0.395277 0.276854 0.034305 0.034958
2 0.453308 0.276260 0.034741 0.033770
3 0.633594 0.650566 0.732812 0.698006
4 0.666608 0.644853 0.664466 0.689706
5 0.690007 0.522290 0.620639 0.438330
6 0.717187 0.462687 0.565625 0.334748
7 0.751062 0.445720 0.499000 0.235191
2 0.303261 0.277281 0.037772 0.038937
2 0.499369 0.273010 0.048738 0.049145
2 0.357884 0.278416 0.037642 0.041208
2 0.395277 0.276854 0.034305 0.034958
2 0.453308 0.276260 0.034741 0.033770
3 0.633594 0.650566 0.732812 0.698006
4 0.666608 0.644853 0.664466 0.689706
5 0.690007 0.522290 0.620639 0.438330
6 0.717187 0.462687 0.565625 0.334748
7 0.751062 0.445720 0.499000 0.235191
2 0.303261 0.277281 0.037772 0.038937
2 0.499369 0.273010 0.048738 0.049145
2 0.357884 0.278416 0.037642 0.041208
2 0.395277 0.276854 0.034305 0.034958
2 0.453308 0.276260 0.034741 0.033770
