3 0.6396640625 0.663565625 0.719953125 0.6740062499999999
4 0.67606953125 0.65878359375 0.6458890625 0.6644421875
5 0.70345546875 0.53063515625 0.5944109375 0.42064531250000003
6 0.72371171875 0.47259375 0.5536734375 0.31706249999999997
7 0.75516796875 0.39473984375 0.4884609375 0.1894796875
2 0.7577296875 0.32999999999999996 0.368584375 0.335
2 0.33912734375 0.24204140624999998 0.0720046875 0.08720781250000001
2 0.5165625 0.23525000000000001 0.0675 0.07675
2 0.9531429687499999 0.28001015625000003 0.09066093750000001 0.1693953125
2 0.28797734375 0.22325 0.0478296875 0.055874999999999994
2 0.43143281250000004 0.23594765624999997 0.06286562500000001 0.0937703125
2 0.3664796875 0.22073984375000003 0.029834375000000003 0.0414796875
3 0.6396640625 0.663565625 0.719953125 0.6740062499999999
4 0.67606953125 0.65878359375 0.6458890625 0.6644421875
5 0.70345546875 0.53063515625 0.5944109375 0.42064531250000003
6 0.72371171875 0.47259375 0.5536734375 0.31706249999999997
7 0.75516796875 0.39473984375 0.4884609375 0.1894796875
2 0.7577296875 0.32999999999999996 0.368584375 0.335
2 0.33912734375 0.24204140624999998 0.0720046875 0.08720781250000001
2 0.5165625 0.23525000000000001 0.0675 0.07675
2 0.9531429687499999 0.28001015625000003 0.09066093750000001 0.1693953125
2 0.28797734375 0.22325 0.0478296875 0.055874999999999994
2 0.43143281250000004 0.23594765624999997 0.06286562500000001 0.0937703125
2 0.3664796875 0.22073984375000003 0.029834375000000003 0.0414796875
3 0.639664 0.663566 0.719953 0.674006
4 0.676070 0.658784 0.645889 0.664442
5 0.703455 0.530635 0.594411 0.420645
6 0.723712 0.472594 0.553673 0.317062
7 0.755168 0.394740 0.488461 0.189480
2 0.757730 0.330000 0.368584 0.335000
2 0.339127 0.242041 0.072005 0.087208
2 0.516563 0.235250 0.067500 0.076750
2 0.953143 0.280010 0.090661 0.169395
2 0.287977 0.223250 0.047830 0.055875
2 0.431433 0.235948 0.062866 0.093770
2 0.366480 0.220740 0.029834 0.041480
3 0.639664 0.663566 0.719953 0.674006
4 0.676070 0.658784 0.645889 0.664442
5 0.703455 0.530635 0.594411 0.420645
6 0.723712 0.472594 0.553673 0.317062
7 0.755168 0.394740 0.488461 0.189480
2 0.757730 0.330000 0.368584 0.335000
2 0.339127 0.242041 0.072005 0.087208
2 0.516563 0.235250 0.067500 0.076750
2 0.953143 0.280010 0.090661 0.169395
2 0.287977 0.223250 0.047830 0.055875
2 0.431433 0.235948 0.062866 0.093770
2 0.366480 0.220740 0.029834 0.041480
4 0.639664 0.663566 0.719953 0.674006
5 0.676070 0.658784 0.645889 0.664442
6 0.703455 0.530635 0.594411 0.420645
7 0.723712 0.472594 0.553673 0.317062
8 0.755168 0.394740 0.488461 0.189480
3 0.757730 0.330000 0.368584 0.335000
3 0.339127 0.242041 0.072005 0.087208
3 0.516563 0.235250 0.067500 0.076750
3 0.953143 0.280010 0.090661 0.169395
3 0.287977 0.223250 0.047830 0.055875
3 0.431433 0.235948 0.062866 0.093770
3 0.366480 0.220740 0.029834 0.041480
3 0.639664 0.663566 0.719953 0.674006
4 0.676070 0.658784 0.645889 0.664442
5 0.703455 0.530635 0.594411 0.420645
6 0.723712 0.472594 0.553673 0.317062
7 0.755168 0.394740 0.488461 0.189480
2 0.757730 0.330000 0.368584 0.335000
2 0.339127 0.242041 0.072005 0.087208
2 0.516563 0.235250 0.067500 0.076750
2 0.953143 0.280010 0.090661 0.169395
2 0.287977 0.223250 0.047830 0.055875
2 0.431433 0.235948 0.062866 0.093770
2 0.366480 0.220740 0.029834 0.041480
3 0.639664 0.663566 0.719953 0.674006
4 0.676070 0.658784 0.645889 0.664442
5 0.703455 0.530635 0.594411 0.420645
6 0.723712 0.472594 0.553673 0.317062
7 0.755168 0.394740 0.488461 0.189480
2 0.757730 0.330000 0.368584 0.335000
2 0.339127 0.242041 0.072005 0.087208
2 0.516563 0.235250 0.067500 0.076750
2 0.953143 0.280010 0.090661 0.169395
2 0.287977 0.223250 0.047830 0.055875
2 0.431433 0.235948 0.062866 0.093770
2 0.366480 0.220740 0.029834 0.041480
3 0.639664 0.663566 0.719953 0.674006
4 0.676070 0.658784 0.645889 0.664442
5 0.703455 0.530635 0.594411 0.420645
6 0.723712 0.472594 0.553673 0.317062
7 0.755168 0.394740 0.488461 0.189480
2 0.757730 0.330000 0.368584 0.335000
2 0.339127 0.242041 0.072005 0.087208
2 0.516563 0.235250 0.067500 0.076750
2 0.953143 0.280010 0.090661 0.169395
2 0.287977 0.223250 0.047830 0.055875
2 0.431433 0.235948 0.062866 0.093770
2 0.366480 0.220740 0.029834 0.041480
