3 0.6396640625 0.663565625 0.719953125 0.6740062499999999
4 0.67606953125 0.65878359375 0.6458890625 0.6644421875
5 0.70345546875 0.53063515625 0.5944109375 0.42064531250000003
6 0.72371171875 0.47259375 0.5536734375 0.31706249999999997
7 0.75516796875 0.39473984375 0.4884609375 0.1894796875
2 0.9253242187499999 0.30857265625 0.1506484375 0.2046453125
2 0.6764210937499999 0.25110390625 0.1278421875 0.1397078125
2 0.360465625 0.24436484374999998 0.07718125 0.0856046875
9 0.5127890625 0.25611484375 0.22557812500000002 0.3028546875
2 0.2573171875 0.21782265625 0.027134375 0.032520312499999995
3 0.6396640625 0.663565625 0.719953125 0.6740062499999999
4 0.67606953125 0.65878359375 0.6458890625 0.6644421875
5 0.70345546875 0.53063515625 0.5944109375 0.42064531250000003
6 0.72371171875 0.47259375 0.5536734375 0.31706249999999997
7 0.75516796875 0.39473984375 0.4884609375 0.1894796875
2 0.9253242187499999 0.30857265625 0.1506484375 0.2046453125
2 0.6764210937499999 0.25110390625 0.1278421875 0.1397078125
2 0.360465625 0.24436484374999998 0.07718125 0.0856046875
9 0.5127890625 0.25611484375 0.22557812500000002 0.3028546875
2 0.2573171875 0.21782265625 0.027134375 0.032520312499999995
3 0.639664 0.663566 0.719953 0.674006
4 0.676070 0.658784 0.645889 0.664442
5 0.703455 0.530635 0.594411 0.420645
6 0.723712 0.472594 0.553673 0.317062
7 0.755168 0.394740 0.488461 0.189480
2 0.925324 0.308573 0.150648 0.204645
2 0.676421 0.251104 0.127842 0.139708
2 0.360466 0.244365 0.077181 0.085605
9 0.512789 0.256115 0.225578 0.302855
2 0.257317 0.217823 0.027134 0.032520
3 0.639664 0.663566 0.719953 0.674006
4 0.676070 0.658784 0.645889 0.664442
5 0.703455 0.530635 0.594411 0.420645
6 0.723712 0.472594 0.553673 0.317062
7 0.755168 0.394740 0.488461 0.189480
2 0.925324 0.308573 0.150648 0.204645
2 0.676421 0.251104 0.127842 0.139708
2 0.360466 0.244365 0.077181 0.085605
9 0.512789 0.256115 0.225578 0.302855
2 0.257317 0.217823 0.027134 0.032520
4 0.639664 0.663566 0.719953 0.674006
5 0.676070 0.658784 0.645889 0.664442
6 0.703455 0.530635 0.594411 0.420645
7 0.723712 0.472594 0.553673 0.317062
8 0.755168 0.394740 0.488461 0.189480
3 0.925324 0.308573 0.150648 0.204645
3 0.676421 0.251104 0.127842 0.139708
3 0.360466 0.244365 0.077181 0.085605
10 0.512789 0.256115 0.225578 0.302855
3 0.257317 0.217823 0.027134 0.032520
3 0.639664 0.663566 0.719953 0.674006
4 0.676070 0.658784 0.645889 0.664442
5 0.703455 0.530635 0.594411 0.420645
6 0.723712 0.472594 0.553673 0.317062
7 0.755168 0.394740 0.488461 0.189480
2 0.925324 0.308573 0.150648 0.204645
2 0.676421 0.251104 0.127842 0.139708
2 0.360466 0.244365 0.077181 0.085605
9 0.512789 0.256115 0.225578 0.302855
2 0.257317 0.217823 0.027134 0.032520
3 0.639664 0.663566 0.719953 0.674006
4 0.676070 0.658784 0.645889 0.664442
5 0.703455 0.530635 0.594411 0.420645
6 0.723712 0.472594 0.553673 0.317062
7 0.755168 0.394740 0.488461 0.189480
2 0.925324 0.308573 0.150648 0.204645
2 0.676421 0.251104 0.127842 0.139708
2 0.360466 0.244365 0.077181 0.085605
9 0.512789 0.256115 0.225578 0.302855
2 0.257317 0.217823 0.027134 0.032520
3 0.639664 0.663566 0.719953 0.674006
4 0.676070 0.658784 0.645889 0.664442
5 0.703455 0.530635 0.594411 0.420645
6 0.723712 0.472594 0.553673 0.317062
7 0.755168 0.394740 0.488461 0.189480
2 0.925324 0.308573 0.150648 0.204645
2 0.676421 0.251104 0.127842 0.139708
2 0.360466 0.244365 0.077181 0.085605
9 0.512789 0.256115 0.225578 0.302855
2 0.257317 0.217823 0.027134 0.032520
