3 0.6396640625 0.663565625 0.719953125 0.6740062499999999
4 0.67606953125 0.65878359375 0.6458890625 0.6644421875
5 0.70345546875 0.53063515625 0.5944109375 0.42064531250000003
6 0.72371171875 0.47259375 0.5536734375 0.31706249999999997
7 0.75516796875 0.39473984375 0.4884609375 0.1894796875
9 0.37803671875 0.23886484375 0.1091984375 0.1683546875
2 0.4506015625 0.2534375 0.044953125 0.08499999999999999
2 0.5157484375 0.25204140625 0.065871875 0.0947078125
2 0.31055390625 0.24227109374999997 0.0304828125 0.0657921875
2 0.76084921875 0.39256250000000004 0.4748234375 0.42575
2 0.9803242187500001 0.24392734374999997 0.0387734375 0.07847968749999999
2 0.24464609375 0.22310390624999998 0.036167187499999996 0.0368328125
2 0.2843453125 0.2225625 0.028065625 0.038875
2 0.22897421874999999 0.21477109374999998 0.0204484375 0.0264171875
2 0.80953984375 0.21392734375 0.0440796875 0.030979687500000002
2 0.8946757812499999 0.22490625 0.029976562499999998 0.0248125
2 0.86249375 0.26922890625 0.0874875 0.0634578125
3 0.6396640625 0.663565625 0.719953125 0.6740062499999999
4 0.67606953125 0.65878359375 0.6458890625 0.6644421875
5 0.70345546875 0.53063515625 0.5944109375 0.42064531250000003
6 0.72371171875 0.47259375 0.5536734375 0.31706249999999997
7 0.75516796875 0.39473984375 0.4884609375 0.1894796875
9 0.37803671875 0.23886484375 0.1091984375 0.1683546875
2 0.4506015625 0.2534375 0.044953125 0.08499999999999999
2 0.5157484375 0.25204140625 0.065871875 0.0947078125
2 0.31055390625 0.24227109374999997 0.0304828125 0.0657921875
2 0.76084921875 0.39256250000000004 0.4748234375 0.42575
2 0.9803242187500001 0.24392734374999997 0.0387734375 0.07847968749999999
2 0.24464609375 0.22310390624999998 0.036167187499999996 0.0368328125
2 0.2843453125 0.2225625 0.028065625 0.038875
2 0.22897421874999999 0.21477109374999998 0.0204484375 0.0264171875
2 0.80953984375 0.21392734375 0.0440796875 0.030979687500000002
2 0.8946757812499999 0.22490625 0.029976562499999998 0.0248125
2 0.86249375 0.26922890625 0.0874875 0.0634578125
3 0.639664 0.663566 0.719953 0.674006
4 0.676070 0.658784 0.645889 0.664442
5 0.703455 0.530635 0.594411 0.420645
6 0.723712 0.472594 0.553673 0.317062
7 0.755168 0.394740 0.488461 0.189480
9 0.378037 0.238865 0.109198 0.168355
2 0.450602 0.253437 0.044953 0.085000
2 0.515748 0.252041 0.065872 0.094708
2 0.310554 0.242271 0.030483 0.065792
2 0.760849 0.392563 0.474823 0.425750
2 0.980324 0.243927 0.038773 0.078480
2 0.244646 0.223104 0.036167 0.036833
2 0.284345 0.222562 0.028066 0.038875
2 0.228974 0.214771 0.020448 0.026417
2 0.809540 0.213927 0.044080 0.030980
2 0.894676 0.224906 0.029977 0.024813
2 0.862494 0.269229 0.087487 0.063458
3 0.639664 0.663566 0.719953 0.674006
4 0.676070 0.658784 0.645889 0.664442
5 0.703455 0.530635 0.594411 0.420645
6 0.723712 0.472594 0.553673 0.317062
7 0.755168 0.394740 0.488461 0.189480
9 0.378037 0.238865 0.109198 0.168355
2 0.450602 0.253437 0.044953 0.085000
2 0.515748 0.252041 0.065872 0.094708
2 0.310554 0.242271 0.030483 0.065792
2 0.760849 0.392563 0.474823 0.425750
2 0.980324 0.243927 0.038773 0.078480
2 0.244646 0.223104 0.036167 0.036833
2 0.284345 0.222562 0.028066 0.038875
2 0.228974 0.214771 0.020448 0.026417
2 0.809540 0.213927 0.044080 0.030980
2 0.894676 0.224906 0.029977 0.024813
2 0.862494 0.269229 0.087487 0.063458
4 0.639664 0.663566 0.719953 0.674006
5 0.676070 0.658784 0.645889 0.664442
6 0.703455 0.530635 0.594411 0.420645
7 0.723712 0.472594 0.553673 0.317062
8 0.755168 0.394740 0.488461 0.189480
10 0.378037 0.238865 0.109198 0.168355
3 0.450602 0.253437 0.044953 0.085000
3 0.515748 0.252041 0.065872 0.094708
3 0.310554 0.242271 0.030483 0.065792
3 0.760849 0.392563 0.474823 0.425750
3 0.980324 0.243927 0.038773 0.078480
3 0.244646 0.223104 0.036167 0.036833
3 0.284345 0.222562 0.028066 0.038875
3 0.228974 0.214771 0.020448 0.026417
3 0.809540 0.213927 0.044080 0.030980
3 0.894676 0.224906 0.029977 0.024813
3 0.862494 0.269229 0.087487 0.063458
3 0.639664 0.663566 0.719953 0.674006
4 0.676070 0.658784 0.645889 0.664442
5 0.703455 0.530635 0.594411 0.420645
6 0.723712 0.472594 0.553673 0.317062
7 0.755168 0.394740 0.488461 0.189480
9 0.378037 0.238865 0.109198 0.168355
2 0.450602 0.253437 0.044953 0.085000
2 0.515748 0.252041 0.065872 0.094708
2 0.310554 0.242271 0.030483 0.065792
2 0.760849 0.392563 0.474823 0.425750
2 0.980324 0.243927 0.038773 0.078480
2 0.244646 0.223104 0.036167 0.036833
2 0.284345 0.222562 0.028066 0.038875
2 0.228974 0.214771 0.020448 0.026417
2 0.809540 0.213927 0.044080 0.030980
2 0.894676 0.224906 0.029977 0.024813
2 0.862494 0.269229 0.087487 0.063458
3 0.639664 0.663566 0.719953 0.674006
4 0.676070 0.658784 0.645889 0.664442
5 0.703455 0.530635 0.594411 0.420645
6 0.723712 0.472594 0.553673 0.317062
7 0.755168 0.394740 0.488461 0.189480
9 0.378037 0.238865 0.109198 0.168355
2 0.450602 0.253437 0.044953 0.085000
2 0.515748 0.252041 0.065872 0.094708
2 0.310554 0.242271 0.030483 0.065792
2 0.760849 0.392563 0.474823 0.425750
2 0.980324 0.243927 0.038773 0.078480
2 0.244646 0.223104 0.036167 0.036833
2 0.284345 0.222562 0.028066 0.038875
2 0.228974 0.214771 0.020448 0.026417
2 0.809540 0.213927 0.044080 0.030980
2 0.894676 0.224906 0.029977 0.024813
2 0.862494 0.269229 0.087487 0.063458
3 0.639664 0.663566 0.719953 0.674006
4 0.676070 0.658784 0.645889 0.664442
5 0.703455 0.530635 0.594411 0.420645
6 0.723712 0.472594 0.553673 0.317062
7 0.755168 0.394740 0.488461 0.189480
9 0.378037 0.238865 0.109198 0.168355
2 0.450602 0.253437 0.044953 0.085000
2 0.515748 0.252041 0.065872 0.094708
2 0.310554 0.242271 0.030483 0.065792
2 0.760849 0.392563 0.474823 0.425750
2 0.980324 0.243927 0.038773 0.078480
2 0.244646 0.223104 0.036167 0.036833
2 0.284345 0.222562 0.028066 0.038875
2 0.228974 0.214771 0.020448 0.026417
2 0.809540 0.213927 0.044080 0.030980
2 0.894676 0.224906 0.029977 0.024813
2 0.862494 0.269229 0.087487 0.063458
