3 0.6396640625 0.663565625 0.719953125 0.6740062499999999
4 0.67606953125 0.65878359375 0.6458890625 0.6644421875
5 0.70345546875 0.53063515625 0.5944109375 0.42064531250000003
6 0.72371171875 0.47259375 0.5536734375 0.31706249999999997
7 0.75516796875 0.39473984375 0.4884609375 0.1894796875
9 0.8963445312499999 0.33063515624999995 0.2051890625 0.24877031249999998
9 0.63126171875 0.41603124999999996 0.3312734375 0.2883125
2 0.3482078125 0.2930625 0.080790625 0.0955
9 0.6818984375 0.27194765625 0.126296875 0.1063953125
2 0.29 0.262875 0.04875 0.060125
2 0.40974609375000004 0.2765625 0.0601171875 0.065625
2 0.6187203125 0.27196875 0.08744062500000001 0.0533125
2 0.06105546875000001 0.24051015625 0.0596109375 0.0403953125
2 0.5063500000000001 0.27570859375 0.059575 0.08266718749999999
3 0.6396640625 0.663565625 0.719953125 0.6740062499999999
4 0.67606953125 0.65878359375 0.6458890625 0.6644421875
5 0.70345546875 0.53063515625 0.5944109375 0.42064531250000003
6 0.72371171875 0.47259375 0.5536734375 0.31706249999999997
7 0.75516796875 0.39473984375 0.4884609375 0.1894796875
9 0.8963445312499999 0.33063515624999995 0.2051890625 0.24877031249999998
9 0.63126171875 0.41603124999999996 0.3312734375 0.2883125
2 0.3482078125 0.2930625 0.080790625 0.0955
9 0.6818984375 0.27194765625 0.126296875 0.1063953125
2 0.29 0.262875 0.04875 0.060125
2 0.40974609375000004 0.2765625 0.0601171875 0.065625
2 0.6187203125 0.27196875 0.08744062500000001 0.0533125
2 0.06105546875000001 0.24051015625 0.0596109375 0.0403953125
2 0.5063500000000001 0.27570859375 0.059575 0.08266718749999999
3 0.639664 0.663566 0.719953 0.674006
4 0.676070 0.658784 0.645889 0.664442
5 0.703455 0.530635 0.594411 0.420645
6 0.723712 0.472594 0.553673 0.317062
7 0.755168 0.394740 0.488461 0.189480
9 0.896345 0.330635 0.205189 0.248770
9 0.631262 0.416031 0.331273 0.288313
2 0.348208 0.293063 0.080791 0.095500
9 0.681898 0.271948 0.126297 0.106395
2 0.290000 0.262875 0.048750 0.060125
2 0.409746 0.276562 0.060117 0.065625
2 0.618720 0.271969 0.087441 0.053312
2 0.061055 0.240510 0.059611 0.040395
2 0.506350 0.275709 0.059575 0.082667
3 0.639664 0.663566 0.719953 0.674006
4 0.676070 0.658784 0.645889 0.664442
5 0.703455 0.530635 0.594411 0.420645
6 0.723712 0.472594 0.553673 0.317062
7 0.755168 0.394740 0.488461 0.189480
9 0.896345 0.330635 0.205189 0.248770
9 0.631262 0.416031 0.331273 0.288313
2 0.348208 0.293063 0.080791 0.095500
9 0.681898 0.271948 0.126297 0.106395
2 0.290000 0.262875 0.048750 0.060125
2 0.409746 0.276562 0.060117 0.065625
2 0.618720 0.271969 0.087441 0.053312
2 0.061055 0.240510 0.059611 0.040395
2 0.506350 0.275709 0.059575 0.082667
4 0.639664 0.663566 0.719953 0.674006
5 0.676070 0.658784 0.645889 0.664442
6 0.703455 0.530635 0.594411 0.420645
7 0.723712 0.472594 0.553673 0.317062
8 0.755168 0.394740 0.488461 0.189480
10 0.896345 0.330635 0.205189 0.248770
10 0.631262 0.416031 0.331273 0.288313
3 0.348208 0.293063 0.080791 0.095500
10 0.681898 0.271948 0.126297 0.106395
3 0.290000 0.262875 0.048750 0.060125
3 0.409746 0.276562 0.060117 0.065625
3 0.618720 0.271969 0.087441 0.053312
3 0.061055 0.240510 0.059611 0.040395
3 0.506350 0.275709 0.059575 0.082667
3 0.639664 0.663566 0.719953 0.674006
4 0.676070 0.658784 0.645889 0.664442
5 0.703455 0.530635 0.594411 0.420645
6 0.723712 0.472594 0.553673 0.317062
7 0.755168 0.394740 0.488461 0.189480
9 0.896345 0.330635 0.205189 0.248770
9 0.631262 0.416031 0.331273 0.288313
2 0.348208 0.293063 0.080791 0.095500
9 0.681898 0.271948 0.126297 0.106395
2 0.290000 0.262875 0.048750 0.060125
2 0.409746 0.276562 0.060117 0.065625
2 0.618720 0.271969 0.087441 0.053312
2 0.061055 0.240510 0.059611 0.040395
2 0.506350 0.275709 0.059575 0.082667
3 0.639664 0.663566 0.719953 0.674006
4 0.676070 0.658784 0.645889 0.664442
5 0.703455 0.530635 0.594411 0.420645
6 0.723712 0.472594 0.553673 0.317062
7 0.755168 0.394740 0.488461 0.189480
9 0.896345 0.330635 0.205189 0.248770
9 0.631262 0.416031 0.331273 0.288313
2 0.348208 0.293063 0.080791 0.095500
9 0.681898 0.271948 0.126297 0.106395
2 0.290000 0.262875 0.048750 0.060125
2 0.409746 0.276562 0.060117 0.065625
2 0.618720 0.271969 0.087441 0.053312
2 0.061055 0.240510 0.059611 0.040395
2 0.506350 0.275709 0.059575 0.082667
3 0.639664 0.663566 0.719953 0.674006
4 0.676070 0.658784 0.645889 0.664442
5 0.703455 0.530635 0.594411 0.420645
6 0.723712 0.472594 0.553673 0.317062
7 0.755168 0.394740 0.488461 0.189480
9 0.896345 0.330635 0.205189 0.248770
9 0.631262 0.416031 0.331273 0.288313
2 0.348208 0.293063 0.080791 0.095500
9 0.681898 0.271948 0.126297 0.106395
2 0.290000 0.262875 0.048750 0.060125
2 0.409746 0.276562 0.060117 0.065625
2 0.618720 0.271969 0.087441 0.053312
2 0.061055 0.240510 0.059611 0.040395
2 0.506350 0.275709 0.059575 0.082667
