3 0.6396640625 0.663565625 0.719953125 0.6740062499999999
4 0.67606953125 0.65878359375 0.6458890625 0.6644421875
5 0.70345546875 0.53063515625 0.5944109375 0.42064531250000003
6 0.72371171875 0.47259375 0.5536734375 0.31706249999999997
7 0.75516796875 0.39473984375 0.4884609375 0.1894796875
2 0.28051328125 0.2321875 0.042276562499999996 0.051875000000000004
2 0.5599765624999999 0.2628125 0.141828125 0.144375
2 0.6981835937499999 0.2683125 0.07761718749999999 0.105375
2 0.7019046875 0.23224999999999998 0.047559375 0.03325
2 0.8381367187500001 0.30672890625 0.3168984375 0.3540828125
2 0.70936875 0.23683359375 0.0593625 0.042417187499999995
3 0.6396640625 0.663565625 0.719953125 0.6740062499999999
4 0.67606953125 0.65878359375 0.6458890625 0.6644421875
5 0.70345546875 0.53063515625 0.5944109375 0.42064531250000003
6 0.72371171875 0.47259375 0.5536734375 0.31706249999999997
7 0.75516796875 0.39473984375 0.4884609375 0.1894796875
2 0.28051328125 0.2321875 0.042276562499999996 0.051875000000000004
2 0.5599765624999999 0.2628125 0.141828125 0.144375
2 0.6981835937499999 0.2683125 0.07761718749999999 0.105375
2 0.7019046875 0.23224999999999998 0.047559375 0.03325
2 0.8381367187500001 0.30672890625 0.3168984375 0.3540828125
2 0.70936875 0.23683359375 0.0593625 0.042417187499999995
3 0.639664 0.663566 0.719953 0.674006
4 0.676070 0.658784 0.645889 0.664442
5 0.703455 0.530635 0.594411 0.420645
6 0.723712 0.472594 0.553673 0.317062
7 0.755168 0.394740 0.488461 0.189480
2 0.280513 0.232187 0.042277 0.051875
2 0.559977 0.262813 0.141828 0.144375
2 0.698184 0.268313 0.077617 0.105375
2 0.701905 0.232250 0.047559 0.033250
2 0.838137 0.306729 0.316898 0.354083
2 0.709369 0.236834 0.059362 0.042417
3 0.639664 0.663566 0.719953 0.674006
4 0.676070 0.658784 0.645889 0.664442
5 0.703455 0.530635 0.594411 0.420645
6 0.723712 0.472594 0.553673 0.317062
7 0.755168 0.394740 0.488461 0.189480
2 0.280513 0.232187 0.042277 0.051875
2 0.559977 0.262813 0.141828 0.144375
2 0.698184 0.268313 0.077617 0.105375
2 0.701905 0.232250 0.047559 0.033250
2 0.838137 0.306729 0.316898 0.354083
2 0.709369 0.236834 0.059362 0.042417
4 0.639664 0.663566 0.719953 0.674006
5 0.676070 0.658784 0.645889 0.664442
6 0.703455 0.530635 0.594411 0.420645
7 0.723712 0.472594 0.553673 0.317062
8 0.755168 0.394740 0.488461 0.189480
3 0.280513 0.232187 0.042277 0.051875
3 0.559977 0.262813 0.141828 0.144375
3 0.698184 0.268313 0.077617 0.105375
3 0.701905 0.232250 0.047559 0.033250
3 0.838137 0.306729 0.316898 0.354083
3 0.709369 0.236834 0.059362 0.042417
3 0.639664 0.663566 0.719953 0.674006
4 0.676070 0.658784 0.645889 0.664442
5 0.703455 0.530635 0.594411 0.420645
6 0.723712 0.472594 0.553673 0.317062
7 0.755168 0.394740 0.488461 0.189480
2 0.280513 0.232187 0.042277 0.051875
2 0.559977 0.262813 0.141828 0.144375
2 0.698184 0.268313 0.077617 0.105375
2 0.701905 0.232250 0.047559 0.033250
2 0.838137 0.306729 0.316898 0.354083
2 0.709369 0.236834 0.059362 0.042417
3 0.639664 0.663566 0.719953 0.674006
4 0.676070 0.658784 0.645889 0.664442
5 0.703455 0.530635 0.594411 0.420645
6 0.723712 0.472594 0.553673 0.317062
7 0.755168 0.394740 0.488461 0.189480
2 0.280513 0.232187 0.042277 0.051875
2 0.559977 0.262813 0.141828 0.144375
2 0.698184 0.268313 0.077617 0.105375
2 0.701905 0.232250 0.047559 0.033250
2 0.838137 0.306729 0.316898 0.354083
2 0.709369 0.236834 0.059362 0.042417
3 0.639664 0.663566 0.719953 0.674006
4 0.676070 0.658784 0.645889 0.664442
5 0.703455 0.530635 0.594411 0.420645
6 0.723712 0.472594 0.553673 0.317062
7 0.755168 0.394740 0.488461 0.189480
2 0.280513 0.232187 0.042277 0.051875
2 0.559977 0.262813 0.141828 0.144375
2 0.698184 0.268313 0.077617 0.105375
2 0.701905 0.232250 0.047559 0.033250
2 0.838137 0.306729 0.316898 0.354083
2 0.709369 0.236834 0.059362 0.042417
