3 0.6396640625 0.663565625 0.719953125 0.6740062499999999
4 0.67606953125 0.65878359375 0.6458890625 0.6644421875
5 0.70345546875 0.53063515625 0.5944109375 0.42064531250000003
6 0.72371171875 0.47259375 0.5536734375 0.31706249999999997
7 0.75516796875 0.39473984375 0.4884609375 0.1894796875
2 0.5409609375000001 0.33367734374999997 0.238171875 0.2704796875
2 0.69785390625 0.32202109375 0.1769578125 0.1752921875
2 0.91639140625 0.25069765625 0.0734078125 0.0701453125
9 0.35489375 0.24320859375 0.0847875 0.1301671875
2 0.75228203125 0.24102109375 0.0514390625 0.0476671875
2 0.9578539062499999 0.30465625 0.08445781249999999 0.2530625
2 0.2434671875 0.2281875 0.027559375000000004 0.028249999999999997
2 0.4143515625 0.25270859375 0.044328125 0.07104218749999999
2 0.68885625 0.22620859375000002 0.052712499999999995 0.0305421875
3 0.6396640625 0.663565625 0.719953125 0.6740062499999999
4 0.67606953125 0.65878359375 0.6458890625 0.6644421875
5 0.70345546875 0.53063515625 0.5944109375 0.42064531250000003
6 0.72371171875 0.47259375 0.5536734375 0.31706249999999997
7 0.75516796875 0.39473984375 0.4884609375 0.1894796875
2 0.5409609375000001 0.33367734374999997 0.238171875 0.2704796875
2 0.69785390625 0.32202109375 0.1769578125 0.1752921875
2 0.91639140625 0.25069765625 0.0734078125 0.0701453125
9 0.35489375 0.24320859375 0.0847875 0.1301671875
2 0.75228203125 0.24102109375 0.0514390625 0.0476671875
2 0.9578539062499999 0.30465625 0.08445781249999999 0.2530625
2 0.2434671875 0.2281875 0.027559375000000004 0.028249999999999997
2 0.4143515625 0.25270859375 0.044328125 0.07104218749999999
2 0.68885625 0.22620859375000002 0.052712499999999995 0.0305421875
3 0.639664 0.663566 0.719953 0.674006
4 0.676070 0.658784 0.645889 0.664442
5 0.703455 0.530635 0.594411 0.420645
6 0.723712 0.472594 0.553673 0.317062
7 0.755168 0.394740 0.488461 0.189480
2 0.540961 0.333677 0.238172 0.270480
2 0.697854 0.322021 0.176958 0.175292
2 0.916391 0.250698 0.073408 0.070145
9 0.354894 0.243209 0.084788 0.130167
2 0.752282 0.241021 0.051439 0.047667
2 0.957854 0.304656 0.084458 0.253063
2 0.243467 0.228187 0.027559 0.028250
2 0.414352 0.252709 0.044328 0.071042
2 0.688856 0.226209 0.052712 0.030542
3 0.639664 0.663566 0.719953 0.674006
4 0.676070 0.658784 0.645889 0.664442
5 0.703455 0.530635 0.594411 0.420645
6 0.723712 0.472594 0.553673 0.317062
7 0.755168 0.394740 0.488461 0.189480
2 0.540961 0.333677 0.238172 0.270480
2 0.697854 0.322021 0.176958 0.175292
2 0.916391 0.250698 0.073408 0.070145
9 0.354894 0.243209 0.084788 0.130167
2 0.752282 0.241021 0.051439 0.047667
2 0.957854 0.304656 0.084458 0.253063
2 0.243467 0.228187 0.027559 0.028250
2 0.414352 0.252709 0.044328 0.071042
2 0.688856 0.226209 0.052712 0.030542
4 0.639664 0.663566 0.719953 0.674006
5 0.676070 0.658784 0.645889 0.664442
6 0.703455 0.530635 0.594411 0.420645
7 0.723712 0.472594 0.553673 0.317062
8 0.755168 0.394740 0.488461 0.189480
3 0.540961 0.333677 0.238172 0.270480
3 0.697854 0.322021 0.176958 0.175292
3 0.916391 0.250698 0.073408 0.070145
10 0.354894 0.243209 0.084788 0.130167
3 0.752282 0.241021 0.051439 0.047667
3 0.957854 0.304656 0.084458 0.253063
3 0.243467 0.228187 0.027559 0.028250
3 0.414352 0.252709 0.044328 0.071042
3 0.688856 0.226209 0.052712 0.030542
3 0.639664 0.663566 0.719953 0.674006
4 0.676070 0.658784 0.645889 0.664442
5 0.703455 0.530635 0.594411 0.420645
6 0.723712 0.472594 0.553673 0.317062
7 0.755168 0.394740 0.488461 0.189480
2 0.540961 0.333677 0.238172 0.270480
2 0.697854 0.322021 0.176958 0.175292
2 0.916391 0.250698 0.073408 0.070145
9 0.354894 0.243209 0.084788 0.130167
2 0.752282 0.241021 0.051439 0.047667
2 0.957854 0.304656 0.084458 0.253063
2 0.243467 0.228187 0.027559 0.028250
2 0.414352 0.252709 0.044328 0.071042
2 0.688856 0.226209 0.052712 0.030542
3 0.639664 0.663566 0.719953 0.674006
4 0.676070 0.658784 0.645889 0.664442
5 0.703455 0.530635 0.594411 0.420645
6 0.723712 0.472594 0.553673 0.317062
7 0.755168 0.394740 0.488461 0.189480
2 0.540961 0.333677 0.238172 0.270480
2 0.697854 0.322021 0.176958 0.175292
2 0.916391 0.250698 0.073408 0.070145
9 0.354894 0.243209 0.084788 0.130167
2 0.752282 0.241021 0.051439 0.047667
2 0.957854 0.304656 0.084458 0.253063
2 0.243467 0.228187 0.027559 0.028250
2 0.414352 0.252709 0.044328 0.071042
2 0.688856 0.226209 0.052712 0.030542
3 0.639664 0.663566 0.719953 0.674006
4 0.676070 0.658784 0.645889 0.664442
5 0.703455 0.530635 0.594411 0.420645
6 0.723712 0.472594 0.553673 0.317062
7 0.755168 0.394740 0.488461 0.189480
2 0.540961 0.333677 0.238172 0.270480
2 0.697854 0.322021 0.176958 0.175292
2 0.916391 0.250698 0.073408 0.070145
9 0.354894 0.243209 0.084788 0.130167
2 0.752282 0.241021 0.051439 0.047667
2 0.957854 0.304656 0.084458 0.253063
2 0.243467 0.228187 0.027559 0.028250
2 0.414352 0.252709 0.044328 0.071042
2 0.688856 0.226209 0.052712 0.030542
