3 0.6396640625 0.663565625 0.719953125 0.6740062499999999
4 0.67606953125 0.65878359375 0.6458890625 0.6644421875
5 0.70345546875 0.53063515625 0.5944109375 0.42064531250000003
6 0.72371171875 0.47259375 0.5536734375 0.31706249999999997
7 0.75516796875 0.39473984375 0.4884609375 0.1894796875
2 0.851096875 0.28890625000000003 0.24906875 0.1809375
2 0.41725859375 0.27151015625 0.1188921875 0.1398953125
2 0.31686875 0.23943750000000003 0.0618625 0.07575
2 0.5144929687500001 0.25273984375 0.1196109375 0.13985468750000002
2 0.6136734374999999 0.24988515625000002 0.09297187500000001 0.0997703125
2 0.27676875 0.22297890625 0.031662499999999996 0.0490828125
2 0.44037109374999994 0.20486484374999997 0.0338671875 0.0284796875
3 0.6396640625 0.663565625 0.719953125 0.6740062499999999
4 0.67606953125 0.65878359375 0.6458890625 0.6644421875
5 0.70345546875 0.53063515625 0.5944109375 0.42064531250000003
6 0.72371171875 0.47259375 0.5536734375 0.31706249999999997
7 0.75516796875 0.39473984375 0.4884609375 0.1894796875
2 0.851096875 0.28890625000000003 0.24906875 0.1809375
2 0.41725859375 0.27151015625 0.1188921875 0.1398953125
2 0.31686875 0.23943750000000003 0.0618625 0.07575
2 0.5144929687500001 0.25273984375 0.1196109375 0.13985468750000002
2 0.6136734374999999 0.24988515625000002 0.09297187500000001 0.0997703125
2 0.27676875 0.22297890625 0.031662499999999996 0.0490828125
2 0.44037109374999994 0.20486484374999997 0.0338671875 0.0284796875
3 0.639664 0.663566 0.719953 0.674006
4 0.676070 0.658784 0.645889 0.664442
5 0.703455 0.530635 0.594411 0.420645
6 0.723712 0.472594 0.553673 0.317062
7 0.755168 0.394740 0.488461 0.189480
2 0.851097 0.288906 0.249069 0.180938
2 0.417259 0.271510 0.118892 0.139895
2 0.316869 0.239438 0.061863 0.075750
2 0.514493 0.252740 0.119611 0.139855
2 0.613673 0.249885 0.092972 0.099770
2 0.276769 0.222979 0.031662 0.049083
2 0.440371 0.204865 0.033867 0.028480
3 0.639664 0.663566 0.719953 0.674006
4 0.676070 0.658784 0.645889 0.664442
5 0.703455 0.530635 0.594411 0.420645
6 0.723712 0.472594 0.553673 0.317062
7 0.755168 0.394740 0.488461 0.189480
2 0.851097 0.288906 0.249069 0.180938
2 0.417259 0.271510 0.118892 0.139895
2 0.316869 0.239438 0.061863 0.075750
2 0.514493 0.252740 0.119611 0.139855
2 0.613673 0.249885 0.092972 0.099770
2 0.276769 0.222979 0.031662 0.049083
2 0.440371 0.204865 0.033867 0.028480
4 0.639664 0.663566 0.719953 0.674006
5 0.676070 0.658784 0.645889 0.664442
6 0.703455 0.530635 0.594411 0.420645
7 0.723712 0.472594 0.553673 0.317062
8 0.755168 0.394740 0.488461 0.189480
3 0.851097 0.288906 0.249069 0.180938
3 0.417259 0.271510 0.118892 0.139895
3 0.316869 0.239438 0.061863 0.075750
3 0.514493 0.252740 0.119611 0.139855
3 0.613673 0.249885 0.092972 0.099770
3 0.276769 0.222979 0.031662 0.049083
3 0.440371 0.204865 0.033867 0.028480
3 0.639664 0.663566 0.719953 0.674006
4 0.676070 0.658784 0.645889 0.664442
5 0.703455 0.530635 0.594411 0.420645
6 0.723712 0.472594 0.553673 0.317062
7 0.755168 0.394740 0.488461 0.189480
2 0.851097 0.288906 0.249069 0.180938
2 0.417259 0.271510 0.118892 0.139895
2 0.316869 0.239438 0.061863 0.075750
2 0.514493 0.252740 0.119611 0.139855
2 0.613673 0.249885 0.092972 0.099770
2 0.276769 0.222979 0.031662 0.049083
2 0.440371 0.204865 0.033867 0.028480
3 0.639664 0.663566 0.719953 0.674006
4 0.676070 0.658784 0.645889 0.664442
5 0.703455 0.530635 0.594411 0.420645
6 0.723712 0.472594 0.553673 0.317062
7 0.755168 0.394740 0.488461 0.189480
2 0.851097 0.288906 0.249069 0.180938
2 0.417259 0.271510 0.118892 0.139895
2 0.316869 0.239438 0.061863 0.075750
2 0.514493 0.252740 0.119611 0.139855
2 0.613673 0.249885 0.092972 0.099770
2 0.276769 0.222979 0.031662 0.049083
2 0.440371 0.204865 0.033867 0.028480
3 0.639664 0.663566 0.719953 0.674006
4 0.676070 0.658784 0.645889 0.664442
5 0.703455 0.530635 0.594411 0.420645
6 0.723712 0.472594 0.553673 0.317062
7 0.755168 0.394740 0.488461 0.189480
2 0.851097 0.288906 0.249069 0.180938
2 0.417259 0.271510 0.118892 0.139895
2 0.316869 0.239438 0.061863 0.075750
2 0.514493 0.252740 0.119611 0.139855
2 0.613673 0.249885 0.092972 0.099770
2 0.276769 0.222979 0.031662 0.049083
2 0.440371 0.204865 0.033867 0.028480
