3 0.6396640625 0.663565625 0.719953125 0.6740062499999999
4 0.67606953125 0.65878359375 0.6458890625 0.6644421875
5 0.70345546875 0.53063515625 0.5944109375 0.42064531250000003
6 0.72371171875 0.47259375 0.5536734375 0.31706249999999997
7 0.75516796875 0.39473984375 0.4884609375 0.1894796875
2 0.67379140625 0.31847890625 0.1538328125 0.11820781250000001
9 0.9255718749999999 0.27072890625 0.08551875 0.0570828125
2 0.725 0.27928125000000004 0.109375 0.07731249999999999
2 0.513484375 0.31104140625 0.10509375000000001 0.1002078125
0 0.2935140625 0.31294765625 0.021403125000000002 0.0633953125
2 0.31730546875 0.2749375 0.0408609375 0.053000000000000005
2 0.07784765625000001 0.25675 0.058820312500000006 0.047875
0 0.40845546875 0.39801015624999997 0.0512859375 0.12414531250000001
2 0.44193359374999996 0.2765 0.021367187500000002 0.024875
9 0.39808984375 0.265875 0.0743046875 0.059875
2 0.3491453125 0.27048984374999996 0.032665625 0.050354687499999995
3 0.6396640625 0.663565625 0.719953125 0.6740062499999999
4 0.67606953125 0.65878359375 0.6458890625 0.6644421875
5 0.70345546875 0.53063515625 0.5944109375 0.42064531250000003
6 0.72371171875 0.47259375 0.5536734375 0.31706249999999997
7 0.75516796875 0.39473984375 0.4884609375 0.1894796875
2 0.67379140625 0.31847890625 0.1538328125 0.11820781250000001
9 0.9255718749999999 0.27072890625 0.08551875 0.0570828125
2 0.725 0.27928125000000004 0.109375 0.07731249999999999
2 0.513484375 0.31104140625 0.10509375000000001 0.1002078125
0 0.2935140625 0.31294765625 0.021403125000000002 0.0633953125
2 0.31730546875 0.2749375 0.0408609375 0.053000000000000005
2 0.07784765625000001 0.25675 0.058820312500000006 0.047875
0 0.40845546875 0.39801015624999997 0.0512859375 0.12414531250000001
2 0.44193359374999996 0.2765 0.021367187500000002 0.024875
9 0.39808984375 0.265875 0.0743046875 0.059875
2 0.3491453125 0.27048984374999996 0.032665625 0.050354687499999995
3 0.639664 0.663566 0.719953 0.674006
4 0.676070 0.658784 0.645889 0.664442
5 0.703455 0.530635 0.594411 0.420645
6 0.723712 0.472594 0.553673 0.317062
7 0.755168 0.394740 0.488461 0.189480
2 0.673791 0.318479 0.153833 0.118208
9 0.925572 0.270729 0.085519 0.057083
2 0.725000 0.279281 0.109375 0.077312
2 0.513484 0.311041 0.105094 0.100208
0 0.293514 0.312948 0.021403 0.063395
2 0.317305 0.274938 0.040861 0.053000
2 0.077848 0.256750 0.058820 0.047875
0 0.408455 0.398010 0.051286 0.124145
2 0.441934 0.276500 0.021367 0.024875
9 0.398090 0.265875 0.074305 0.059875
2 0.349145 0.270490 0.032666 0.050355
3 0.639664 0.663566 0.719953 0.674006
4 0.676070 0.658784 0.645889 0.664442
5 0.703455 0.530635 0.594411 0.420645
6 0.723712 0.472594 0.553673 0.317062
7 0.755168 0.394740 0.488461 0.189480
2 0.673791 0.318479 0.153833 0.118208
9 0.925572 0.270729 0.085519 0.057083
2 0.725000 0.279281 0.109375 0.077312
2 0.513484 0.311041 0.105094 0.100208
0 0.293514 0.312948 0.021403 0.063395
2 0.317305 0.274938 0.040861 0.053000
2 0.077848 0.256750 0.058820 0.047875
0 0.408455 0.398010 0.051286 0.124145
2 0.441934 0.276500 0.021367 0.024875
9 0.398090 0.265875 0.074305 0.059875
2 0.349145 0.270490 0.032666 0.050355
4 0.639664 0.663566 0.719953 0.674006
5 0.676070 0.658784 0.645889 0.664442
6 0.703455 0.530635 0.594411 0.420645
7 0.723712 0.472594 0.553673 0.317062
8 0.755168 0.394740 0.488461 0.189480
3 0.673791 0.318479 0.153833 0.118208
10 0.925572 0.270729 0.085519 0.057083
3 0.725000 0.279281 0.109375 0.077312
3 0.513484 0.311041 0.105094 0.100208
1 0.293514 0.312948 0.021403 0.063395
3 0.317305 0.274938 0.040861 0.053000
3 0.077848 0.256750 0.058820 0.047875
1 0.408455 0.398010 0.051286 0.124145
3 0.441934 0.276500 0.021367 0.024875
10 0.398090 0.265875 0.074305 0.059875
3 0.349145 0.270490 0.032666 0.050355
3 0.639664 0.663566 0.719953 0.674006
4 0.676070 0.658784 0.645889 0.664442
5 0.703455 0.530635 0.594411 0.420645
6 0.723712 0.472594 0.553673 0.317062
7 0.755168 0.394740 0.488461 0.189480
2 0.673791 0.318479 0.153833 0.118208
9 0.925572 0.270729 0.085519 0.057083
2 0.725000 0.279281 0.109375 0.077312
2 0.513484 0.311041 0.105094 0.100208
0 0.293514 0.312948 0.021403 0.063395
2 0.317305 0.274938 0.040861 0.053000
2 0.077848 0.256750 0.058820 0.047875
0 0.408455 0.398010 0.051286 0.124145
2 0.441934 0.276500 0.021367 0.024875
9 0.398090 0.265875 0.074305 0.059875
2 0.349145 0.270490 0.032666 0.050355
3 0.639664 0.663566 0.719953 0.674006
4 0.676070 0.658784 0.645889 0.664442
5 0.703455 0.530635 0.594411 0.420645
6 0.723712 0.472594 0.553673 0.317062
7 0.755168 0.394740 0.488461 0.189480
2 0.673791 0.318479 0.153833 0.118208
9 0.925572 0.270729 0.085519 0.057083
2 0.725000 0.279281 0.109375 0.077312
2 0.513484 0.311041 0.105094 0.100208
0 0.293514 0.312948 0.021403 0.063395
2 0.317305 0.274938 0.040861 0.053000
2 0.077848 0.256750 0.058820 0.047875
0 0.408455 0.398010 0.051286 0.124145
2 0.441934 0.276500 0.021367 0.024875
9 0.398090 0.265875 0.074305 0.059875
2 0.349145 0.270490 0.032666 0.050355
3 0.639664 0.663566 0.719953 0.674006
4 0.676070 0.658784 0.645889 0.664442
5 0.703455 0.530635 0.594411 0.420645
6 0.723712 0.472594 0.553673 0.317062
7 0.755168 0.394740 0.488461 0.189480
2 0.673791 0.318479 0.153833 0.118208
9 0.925572 0.270729 0.085519 0.057083
2 0.725000 0.279281 0.109375 0.077312
2 0.513484 0.311041 0.105094 0.100208
0 0.293514 0.312948 0.021403 0.063395
2 0.317305 0.274938 0.040861 0.053000
2 0.077848 0.256750 0.058820 0.047875
0 0.408455 0.398010 0.051286 0.124145
2 0.441934 0.276500 0.021367 0.024875
9 0.398090 0.265875 0.074305 0.059875
2 0.349145 0.270490 0.032666 0.050355
