3 0.6396640625 0.663565625 0.719953125 0.6740062499999999
4 0.67606953125 0.65878359375 0.6458890625 0.6644421875
5 0.70345546875 0.53063515625 0.5944109375 0.42064531250000003
6 0.72371171875 0.47259375 0.5536734375 0.31706249999999997
7 0.75516796875 0.39473984375 0.4884609375 0.1894796875
2 0.5890390625 0.30844765625 0.140578125 0.1262703125
2 0.51063125 0.27940624999999997 0.07126249999999999 0.0900625
2 0.9182874999999999 0.35316640625 0.1647 0.1875828125
2 0.3080953125 0.26677109374999997 0.031815625 0.0679171875
2 0.3589265625 0.28297890625 0.070978125 0.0909578125
2 0.4398640625 0.26469765624999997 0.029728125 0.048145312499999995
2 0.7922109374999999 0.54108359375 0.41567187499999997 0.5977921875
2 0.27188671875 0.25784375000000004 0.0406484375 0.0438125
0 0.41873203124999997 0.31052109375 0.0374640625 0.0835421875
2 0.22943984374999998 0.24784375 0.0245046875 0.0206875
3 0.6396640625 0.663565625 0.719953125 0.6740062499999999
4 0.67606953125 0.65878359375 0.6458890625 0.6644421875
5 0.70345546875 0.53063515625 0.5944109375 0.42064531250000003
6 0.72371171875 0.47259375 0.5536734375 0.31706249999999997
7 0.75516796875 0.39473984375 0.4884609375 0.1894796875
2 0.5890390625 0.30844765625 0.140578125 0.1262703125
2 0.51063125 0.27940624999999997 0.07126249999999999 0.0900625
2 0.9182874999999999 0.35316640625 0.1647 0.1875828125
2 0.3080953125 0.26677109374999997 0.031815625 0.0679171875
2 0.3589265625 0.28297890625 0.070978125 0.0909578125
2 0.4398640625 0.26469765624999997 0.029728125 0.048145312499999995
2 0.7922109374999999 0.54108359375 0.41567187499999997 0.5977921875
2 0.27188671875 0.25784375000000004 0.0406484375 0.0438125
0 0.41873203124999997 0.31052109375 0.0374640625 0.0835421875
2 0.22943984374999998 0.24784375 0.0245046875 0.0206875
3 0.639664 0.663566 0.719953 0.674006
4 0.676070 0.658784 0.645889 0.664442
5 0.703455 0.530635 0.594411 0.420645
6 0.723712 0.472594 0.553673 0.317062
7 0.755168 0.394740 0.488461 0.189480
2 0.589039 0.308448 0.140578 0.126270
2 0.510631 0.279406 0.071262 0.090063
2 0.918287 0.353166 0.164700 0.187583
2 0.308095 0.266771 0.031816 0.067917
2 0.358927 0.282979 0.070978 0.090958
2 0.439864 0.264698 0.029728 0.048145
2 0.792211 0.541084 0.415672 0.597792
2 0.271887 0.257844 0.040648 0.043812
0 0.418732 0.310521 0.037464 0.083542
2 0.229440 0.247844 0.024505 0.020688
3 0.639664 0.663566 0.719953 0.674006
4 0.676070 0.658784 0.645889 0.664442
5 0.703455 0.530635 0.594411 0.420645
6 0.723712 0.472594 0.553673 0.317062
7 0.755168 0.394740 0.488461 0.189480
2 0.589039 0.308448 0.140578 0.126270
2 0.510631 0.279406 0.071262 0.090063
2 0.918287 0.353166 0.164700 0.187583
2 0.308095 0.266771 0.031816 0.067917
2 0.358927 0.282979 0.070978 0.090958
2 0.439864 0.264698 0.029728 0.048145
2 0.792211 0.541084 0.415672 0.597792
2 0.271887 0.257844 0.040648 0.043812
0 0.418732 0.310521 0.037464 0.083542
2 0.229440 0.247844 0.024505 0.020688
4 0.639664 0.663566 0.719953 0.674006
5 0.676070 0.658784 0.645889 0.664442
6 0.703455 0.530635 0.594411 0.420645
7 0.723712 0.472594 0.553673 0.317062
8 0.755168 0.394740 0.488461 0.189480
3 0.589039 0.308448 0.140578 0.126270
3 0.510631 0.279406 0.071262 0.090063
3 0.918287 0.353166 0.164700 0.187583
3 0.308095 0.266771 0.031816 0.067917
3 0.358927 0.282979 0.070978 0.090958
3 0.439864 0.264698 0.029728 0.048145
3 0.792211 0.541084 0.415672 0.597792
3 0.271887 0.257844 0.040648 0.043812
1 0.418732 0.310521 0.037464 0.083542
3 0.229440 0.247844 0.024505 0.020688
3 0.639664 0.663566 0.719953 0.674006
4 0.676070 0.658784 0.645889 0.664442
5 0.703455 0.530635 0.594411 0.420645
6 0.723712 0.472594 0.553673 0.317062
7 0.755168 0.394740 0.488461 0.189480
2 0.589039 0.308448 0.140578 0.126270
2 0.510631 0.279406 0.071262 0.090063
2 0.918287 0.353166 0.164700 0.187583
2 0.308095 0.266771 0.031816 0.067917
2 0.358927 0.282979 0.070978 0.090958
2 0.439864 0.264698 0.029728 0.048145
2 0.792211 0.541084 0.415672 0.597792
2 0.271887 0.257844 0.040648 0.043812
0 0.418732 0.310521 0.037464 0.083542
2 0.229440 0.247844 0.024505 0.020688
3 0.639664 0.663566 0.719953 0.674006
4 0.676070 0.658784 0.645889 0.664442
5 0.703455 0.530635 0.594411 0.420645
6 0.723712 0.472594 0.553673 0.317062
7 0.755168 0.394740 0.488461 0.189480
2 0.589039 0.308448 0.140578 0.126270
2 0.510631 0.279406 0.071262 0.090063
2 0.918287 0.353166 0.164700 0.187583
2 0.308095 0.266771 0.031816 0.067917
2 0.358927 0.282979 0.070978 0.090958
2 0.439864 0.264698 0.029728 0.048145
2 0.792211 0.541084 0.415672 0.597792
2 0.271887 0.257844 0.040648 0.043812
0 0.418732 0.310521 0.037464 0.083542
2 0.229440 0.247844 0.024505 0.020688
3 0.639664 0.663566 0.719953 0.674006
4 0.676070 0.658784 0.645889 0.664442
5 0.703455 0.530635 0.594411 0.420645
6 0.723712 0.472594 0.553673 0.317062
7 0.755168 0.394740 0.488461 0.189480
2 0.589039 0.308448 0.140578 0.126270
2 0.510631 0.279406 0.071262 0.090063
2 0.918287 0.353166 0.164700 0.187583
2 0.308095 0.266771 0.031816 0.067917
2 0.358927 0.282979 0.070978 0.090958
2 0.439864 0.264698 0.029728 0.048145
2 0.792211 0.541084 0.415672 0.597792
2 0.271887 0.257844 0.040648 0.043812
0 0.418732 0.310521 0.037464 0.083542
2 0.229440 0.247844 0.024505 0.020688
