3 0.6396640625 0.663565625 0.719953125 0.6740062499999999
4 0.67606953125 0.65878359375 0.6458890625 0.6644421875
5 0.70345546875 0.53063515625 0.5944109375 0.42064531250000003
6 0.72371171875 0.47259375 0.5536734375 0.31706249999999997
7 0.75516796875 0.39473984375 0.4884609375 0.1894796875
9 0.5754070312499999 0.28226015625 0.1351890625 0.1207703125
9 0.80935703125 0.36736484375 0.2905890625 0.2253546875
2 0.43392109375 0.28151015625 0.0678421875 0.0880203125
9 0.3679484375 0.29910390625 0.089021875 0.11070781249999999
9 0.3009609375 0.269625 0.048796875 0.061125
9 0.24477031249999998 0.25571875 0.042665625 0.0458125
2 0.8006484374999999 0.25875 0.060671875 0.020624999999999998
2 0.5086734374999999 0.26648984374999996 0.036096875 0.0767296875
2 0.8994101562499999 0.26077109374999996 0.0425703125 0.0184171875
2 0.46245859375 0.25516640625 0.0311671875 0.041582812499999997
2 0.365153125 0.25570859375 0.058431250000000004 0.042667187499999995
3 0.6396640625 0.663565625 0.719953125 0.6740062499999999
4 0.67606953125 0.65878359375 0.6458890625 0.6644421875
5 0.70345546875 0.53063515625 0.5944109375 0.42064531250000003
6 0.72371171875 0.47259375 0.5536734375 0.31706249999999997
7 0.75516796875 0.39473984375 0.4884609375 0.1894796875
9 0.5754070312499999 0.28226015625 0.1351890625 0.1207703125
9 0.80935703125 0.36736484375 0.2905890625 0.2253546875
2 0.43392109375 0.28151015625 0.0678421875 0.0880203125
9 0.3679484375 0.29910390625 0.089021875 0.11070781249999999
9 0.3009609375 0.269625 0.048796875 0.061125
9 0.24477031249999998 0.25571875 0.042665625 0.0458125
2 0.8006484374999999 0.25875 0.060671875 0.020624999999999998
2 0.5086734374999999 0.26648984374999996 0.036096875 0.0767296875
2 0.8994101562499999 0.26077109374999996 0.0425703125 0.0184171875
2 0.46245859375 0.25516640625 0.0311671875 0.041582812499999997
2 0.365153125 0.25570859375 0.058431250000000004 0.042667187499999995
3 0.639664 0.663566 0.719953 0.674006
4 0.676070 0.658784 0.645889 0.664442
5 0.703455 0.530635 0.594411 0.420645
6 0.723712 0.472594 0.553673 0.317062
7 0.755168 0.394740 0.488461 0.189480
9 0.575407 0.282260 0.135189 0.120770
9 0.809357 0.367365 0.290589 0.225355
2 0.433921 0.281510 0.067842 0.088020
9 0.367948 0.299104 0.089022 0.110708
9 0.300961 0.269625 0.048797 0.061125
9 0.244770 0.255719 0.042666 0.045812
2 0.800648 0.258750 0.060672 0.020625
2 0.508673 0.266490 0.036097 0.076730
2 0.899410 0.260771 0.042570 0.018417
2 0.462459 0.255166 0.031167 0.041583
2 0.365153 0.255709 0.058431 0.042667
3 0.639664 0.663566 0.719953 0.674006
4 0.676070 0.658784 0.645889 0.664442
5 0.703455 0.530635 0.594411 0.420645
6 0.723712 0.472594 0.553673 0.317062
7 0.755168 0.394740 0.488461 0.189480
9 0.575407 0.282260 0.135189 0.120770
9 0.809357 0.367365 0.290589 0.225355
2 0.433921 0.281510 0.067842 0.088020
9 0.367948 0.299104 0.089022 0.110708
9 0.300961 0.269625 0.048797 0.061125
9 0.244770 0.255719 0.042666 0.045812
2 0.800648 0.258750 0.060672 0.020625
2 0.508673 0.266490 0.036097 0.076730
2 0.899410 0.260771 0.042570 0.018417
2 0.462459 0.255166 0.031167 0.041583
2 0.365153 0.255709 0.058431 0.042667
4 0.639664 0.663566 0.719953 0.674006
5 0.676070 0.658784 0.645889 0.664442
6 0.703455 0.530635 0.594411 0.420645
7 0.723712 0.472594 0.553673 0.317062
8 0.755168 0.394740 0.488461 0.189480
10 0.575407 0.282260 0.135189 0.120770
10 0.809357 0.367365 0.290589 0.225355
3 0.433921 0.281510 0.067842 0.088020
10 0.367948 0.299104 0.089022 0.110708
10 0.300961 0.269625 0.048797 0.061125
10 0.244770 0.255719 0.042666 0.045812
3 0.800648 0.258750 0.060672 0.020625
3 0.508673 0.266490 0.036097 0.076730
3 0.899410 0.260771 0.042570 0.018417
3 0.462459 0.255166 0.031167 0.041583
3 0.365153 0.255709 0.058431 0.042667
3 0.639664 0.663566 0.719953 0.674006
4 0.676070 0.658784 0.645889 0.664442
5 0.703455 0.530635 0.594411 0.420645
6 0.723712 0.472594 0.553673 0.317062
7 0.755168 0.394740 0.488461 0.189480
9 0.575407 0.282260 0.135189 0.120770
9 0.809357 0.367365 0.290589 0.225355
2 0.433921 0.281510 0.067842 0.088020
9 0.367948 0.299104 0.089022 0.110708
9 0.300961 0.269625 0.048797 0.061125
9 0.244770 0.255719 0.042666 0.045812
2 0.800648 0.258750 0.060672 0.020625
2 0.508673 0.266490 0.036097 0.076730
2 0.899410 0.260771 0.042570 0.018417
2 0.462459 0.255166 0.031167 0.041583
2 0.365153 0.255709 0.058431 0.042667
3 0.639664 0.663566 0.719953 0.674006
4 0.676070 0.658784 0.645889 0.664442
5 0.703455 0.530635 0.594411 0.420645
6 0.723712 0.472594 0.553673 0.317062
7 0.755168 0.394740 0.488461 0.189480
9 0.575407 0.282260 0.135189 0.120770
9 0.809357 0.367365 0.290589 0.225355
2 0.433921 0.281510 0.067842 0.088020
9 0.367948 0.299104 0.089022 0.110708
9 0.300961 0.269625 0.048797 0.061125
9 0.244770 0.255719 0.042666 0.045812
2 0.800648 0.258750 0.060672 0.020625
2 0.508673 0.266490 0.036097 0.076730
2 0.899410 0.260771 0.042570 0.018417
2 0.462459 0.255166 0.031167 0.041583
2 0.365153 0.255709 0.058431 0.042667
3 0.639664 0.663566 0.719953 0.674006
4 0.676070 0.658784 0.645889 0.664442
5 0.703455 0.530635 0.594411 0.420645
6 0.723712 0.472594 0.553673 0.317062
7 0.755168 0.394740 0.488461 0.189480
9 0.575407 0.282260 0.135189 0.120770
9 0.809357 0.367365 0.290589 0.225355
2 0.433921 0.281510 0.067842 0.088020
9 0.367948 0.299104 0.089022 0.110708
9 0.300961 0.269625 0.048797 0.061125
9 0.244770 0.255719 0.042666 0.045812
2 0.800648 0.258750 0.060672 0.020625
2 0.508673 0.266490 0.036097 0.076730
2 0.899410 0.260771 0.042570 0.018417
2 0.462459 0.255166 0.031167 0.041583
2 0.365153 0.255709 0.058431 0.042667
