3 0.6396640625 0.663565625 0.719953125 0.6740062499999999
4 0.67606953125 0.65878359375 0.6458890625 0.6644421875
5 0.70345546875 0.53063515625 0.5944109375 0.42064531250000003
6 0.72371171875 0.47259375 0.5536734375 0.31706249999999997
7 0.75516796875 0.39473984375 0.4884609375 0.1894796875
9 0.9057609375 0.33756250000000004 0.189646875 0.24700000000000003
9 0.62220546875 0.27702109375 0.0975359375 0.0696671875
2 0.53977578125 0.29829140625 0.09205156249999999 0.0840828125
2 0.44511171875000005 0.29829140625 0.0777234375 0.0747078125
9 0.686721875 0.27317734375 0.03906875 0.0494796875
2 0.37678671874999997 0.27023984375 0.0410734375 0.0467296875
0 0.33365 0.34397890625 0.03605 0.0848328125
2 0.30058359375 0.27538515625 0.0417921875 0.0538953125
3 0.6396640625 0.663565625 0.719953125 0.6740062499999999
4 0.67606953125 0.65878359375 0.6458890625 0.6644421875
5 0.70345546875 0.53063515625 0.5944109375 0.42064531250000003
6 0.72371171875 0.47259375 0.5536734375 0.31706249999999997
7 0.75516796875 0.39473984375 0.4884609375 0.1894796875
9 0.9057609375 0.33756250000000004 0.189646875 0.24700000000000003
9 0.62220546875 0.27702109375 0.0975359375 0.0696671875
2 0.53977578125 0.29829140625 0.09205156249999999 0.0840828125
2 0.44511171875000005 0.29829140625 0.0777234375 0.0747078125
9 0.686721875 0.27317734375 0.03906875 0.0494796875
2 0.37678671874999997 0.27023984375 0.0410734375 0.0467296875
0 0.33365 0.34397890625 0.03605 0.0848328125
2 0.30058359375 0.27538515625 0.0417921875 0.0538953125
3 0.639664 0.663566 0.719953 0.674006
4 0.676070 0.658784 0.645889 0.664442
5 0.703455 0.530635 0.594411 0.420645
6 0.723712 0.472594 0.553673 0.317062
7 0.755168 0.394740 0.488461 0.189480
9 0.905761 0.337563 0.189647 0.247000
9 0.622205 0.277021 0.097536 0.069667
2 0.539776 0.298291 0.092052 0.084083
2 0.445112 0.298291 0.077723 0.074708
9 0.686722 0.273177 0.039069 0.049480
2 0.376787 0.270240 0.041073 0.046730
0 0.333650 0.343979 0.036050 0.084833
2 0.300584 0.275385 0.041792 0.053895
3 0.639664 0.663566 0.719953 0.674006
4 0.676070 0.658784 0.645889 0.664442
5 0.703455 0.530635 0.594411 0.420645
6 0.723712 0.472594 0.553673 0.317062
7 0.755168 0.394740 0.488461 0.189480
9 0.905761 0.337563 0.189647 0.247000
9 0.622205 0.277021 0.097536 0.069667
2 0.539776 0.298291 0.092052 0.084083
2 0.445112 0.298291 0.077723 0.074708
9 0.686722 0.273177 0.039069 0.049480
2 0.376787 0.270240 0.041073 0.046730
0 0.333650 0.343979 0.036050 0.084833
2 0.300584 0.275385 0.041792 0.053895
4 0.639664 0.663566 0.719953 0.674006
5 0.676070 0.658784 0.645889 0.664442
6 0.703455 0.530635 0.594411 0.420645
7 0.723712 0.472594 0.553673 0.317062
8 0.755168 0.394740 0.488461 0.189480
10 0.905761 0.337563 0.189647 0.247000
10 0.622205 0.277021 0.097536 0.069667
3 0.539776 0.298291 0.092052 0.084083
3 0.445112 0.298291 0.077723 0.074708
10 0.686722 0.273177 0.039069 0.049480
3 0.376787 0.270240 0.041073 0.046730
1 0.333650 0.343979 0.036050 0.084833
3 0.300584 0.275385 0.041792 0.053895
3 0.639664 0.663566 0.719953 0.674006
4 0.676070 0.658784 0.645889 0.664442
5 0.703455 0.530635 0.594411 0.420645
6 0.723712 0.472594 0.553673 0.317062
7 0.755168 0.394740 0.488461 0.189480
9 0.905761 0.337563 0.189647 0.247000
9 0.622205 0.277021 0.097536 0.069667
2 0.539776 0.298291 0.092052 0.084083
2 0.445112 0.298291 0.077723 0.074708
9 0.686722 0.273177 0.039069 0.049480
2 0.376787 0.270240 0.041073 0.046730
0 0.333650 0.343979 0.036050 0.084833
2 0.300584 0.275385 0.041792 0.053895
3 0.639664 0.663566 0.719953 0.674006
4 0.676070 0.658784 0.645889 0.664442
5 0.703455 0.530635 0.594411 0.420645
6 0.723712 0.472594 0.553673 0.317062
7 0.755168 0.394740 0.488461 0.189480
9 0.905761 0.337563 0.189647 0.247000
9 0.622205 0.277021 0.097536 0.069667
2 0.539776 0.298291 0.092052 0.084083
2 0.445112 0.298291 0.077723 0.074708
9 0.686722 0.273177 0.039069 0.049480
2 0.376787 0.270240 0.041073 0.046730
0 0.333650 0.343979 0.036050 0.084833
2 0.300584 0.275385 0.041792 0.053895
3 0.639664 0.663566 0.719953 0.674006
4 0.676070 0.658784 0.645889 0.664442
5 0.703455 0.530635 0.594411 0.420645
6 0.723712 0.472594 0.553673 0.317062
7 0.755168 0.394740 0.488461 0.189480
9 0.905761 0.337563 0.189647 0.247000
9 0.622205 0.277021 0.097536 0.069667
2 0.539776 0.298291 0.092052 0.084083
2 0.445112 0.298291 0.077723 0.074708
9 0.686722 0.273177 0.039069 0.049480
2 0.376787 0.270240 0.041073 0.046730
0 0.333650 0.343979 0.036050 0.084833
2 0.300584 0.275385 0.041792 0.053895
