3 0.6396640625 0.663565625 0.719953125 0.6740062499999999
4 0.67606953125 0.65878359375 0.6458890625 0.6644421875
5 0.70345546875 0.53063515625 0.5944109375 0.42064531250000003
6 0.72371171875 0.47259375 0.5536734375 0.31706249999999997
7 0.75516796875 0.39473984375 0.4884609375 0.1894796875
2 0.8641625 0.34233359375 0.2502 0.1752921875
2 0.6819867187499999 0.445 0.3577234375 0.365
2 0.34490546875 0.2741875 0.0741859375 0.08275
2 0.54936328125 0.29322890625 0.1143515625 0.09895781249999999
2 0.494015625 0.2735625 0.05990625000000001 0.072125
2 0.97660390625 0.28628125 0.0469578125 0.0600625
2 0.30601406249999996 0.26441640624999996 0.037028125 0.06945781250000001
2 0.38235234375 0.25709375 0.0397046875 0.057937499999999996
2 0.27202265625 0.25790625 0.0315453125 0.0376875
2 0.63126171875 0.25406249999999997 0.0593984375 0.03
2 0.42485859374999996 0.25761484375 0.0465921875 0.0558546875
2 0.22699296875 0.24827109374999998 0.0196109375 0.0184171875
2 0.36350859375 0.261625 0.061392187499999994 0.067
3 0.6396640625 0.663565625 0.719953125 0.6740062499999999
4 0.67606953125 0.65878359375 0.6458890625 0.6644421875
5 0.70345546875 0.53063515625 0.5944109375 0.42064531250000003
6 0.72371171875 0.47259375 0.5536734375 0.31706249999999997
7 0.75516796875 0.39473984375 0.4884609375 0.1894796875
2 0.8641625 0.34233359375 0.2502 0.1752921875
2 0.6819867187499999 0.445 0.3577234375 0.365
2 0.34490546875 0.2741875 0.0741859375 0.08275
2 0.54936328125 0.29322890625 0.1143515625 0.09895781249999999
2 0.494015625 0.2735625 0.05990625000000001 0.072125
2 0.97660390625 0.28628125 0.0469578125 0.0600625
2 0.30601406249999996 0.26441640624999996 0.037028125 0.06945781250000001
2 0.38235234375 0.25709375 0.0397046875 0.057937499999999996
2 0.27202265625 0.25790625 0.0315453125 0.0376875
2 0.63126171875 0.25406249999999997 0.0593984375 0.03
2 0.42485859374999996 0.25761484375 0.0465921875 0.0558546875
2 0.22699296875 0.24827109374999998 0.0196109375 0.0184171875
2 0.36350859375 0.261625 0.061392187499999994 0.067
3 0.639664 0.663566 0.719953 0.674006
4 0.676070 0.658784 0.645889 0.664442
5 0.703455 0.530635 0.594411 0.420645
6 0.723712 0.472594 0.553673 0.317062
7 0.755168 0.394740 0.488461 0.189480
2 0.864162 0.342334 0.250200 0.175292
2 0.681987 0.445000 0.357723 0.365000
2 0.344905 0.274187 0.074186 0.082750
2 0.549363 0.293229 0.114352 0.098958
2 0.494016 0.273562 0.059906 0.072125
2 0.976604 0.286281 0.046958 0.060062
2 0.306014 0.264416 0.037028 0.069458
2 0.382352 0.257094 0.039705 0.057937
2 0.272023 0.257906 0.031545 0.037687
2 0.631262 0.254062 0.059398 0.030000
2 0.424859 0.257615 0.046592 0.055855
2 0.226993 0.248271 0.019611 0.018417
2 0.363509 0.261625 0.061392 0.067000
3 0.639664 0.663566 0.719953 0.674006
4 0.676070 0.658784 0.645889 0.664442
5 0.703455 0.530635 0.594411 0.420645
6 0.723712 0.472594 0.553673 0.317062
7 0.755168 0.394740 0.488461 0.189480
2 0.864162 0.342334 0.250200 0.175292
2 0.681987 0.445000 0.357723 0.365000
2 0.344905 0.274187 0.074186 0.082750
2 0.549363 0.293229 0.114352 0.098958
2 0.494016 0.273562 0.059906 0.072125
2 0.976604 0.286281 0.046958 0.060062
2 0.306014 0.264416 0.037028 0.069458
2 0.382352 0.257094 0.039705 0.057937
2 0.272023 0.257906 0.031545 0.037687
2 0.631262 0.254062 0.059398 0.030000
2 0.424859 0.257615 0.046592 0.055855
2 0.226993 0.248271 0.019611 0.018417
2 0.363509 0.261625 0.061392 0.067000
4 0.639664 0.663566 0.719953 0.674006
5 0.676070 0.658784 0.645889 0.664442
6 0.703455 0.530635 0.594411 0.420645
7 0.723712 0.472594 0.553673 0.317062
8 0.755168 0.394740 0.488461 0.189480
3 0.864162 0.342334 0.250200 0.175292
3 0.681987 0.445000 0.357723 0.365000
3 0.344905 0.274187 0.074186 0.082750
3 0.549363 0.293229 0.114352 0.098958
3 0.494016 0.273562 0.059906 0.072125
3 0.976604 0.286281 0.046958 0.060062
3 0.306014 0.264416 0.037028 0.069458
3 0.382352 0.257094 0.039705 0.057937
3 0.272023 0.257906 0.031545 0.037687
3 0.631262 0.254062 0.059398 0.030000
3 0.424859 0.257615 0.046592 0.055855
3 0.226993 0.248271 0.019611 0.018417
3 0.363509 0.261625 0.061392 0.067000
3 0.639664 0.663566 0.719953 0.674006
4 0.676070 0.658784 0.645889 0.664442
5 0.703455 0.530635 0.594411 0.420645
6 0.723712 0.472594 0.553673 0.317062
7 0.755168 0.394740 0.488461 0.189480
2 0.864162 0.342334 0.250200 0.175292
2 0.681987 0.445000 0.357723 0.365000
2 0.344905 0.274187 0.074186 0.082750
2 0.549363 0.293229 0.114352 0.098958
2 0.494016 0.273562 0.059906 0.072125
2 0.976604 0.286281 0.046958 0.060062
2 0.306014 0.264416 0.037028 0.069458
2 0.382352 0.257094 0.039705 0.057937
2 0.272023 0.257906 0.031545 0.037687
2 0.631262 0.254062 0.059398 0.030000
2 0.424859 0.257615 0.046592 0.055855
2 0.226993 0.248271 0.019611 0.018417
2 0.363509 0.261625 0.061392 0.067000
3 0.639664 0.663566 0.719953 0.674006
4 0.676070 0.658784 0.645889 0.664442
5 0.703455 0.530635 0.594411 0.420645
6 0.723712 0.472594 0.553673 0.317062
7 0.755168 0.394740 0.488461 0.189480
2 0.864162 0.342334 0.250200 0.175292
2 0.681987 0.445000 0.357723 0.365000
2 0.344905 0.274187 0.074186 0.082750
2 0.549363 0.293229 0.114352 0.098958
2 0.494016 0.273562 0.059906 0.072125
2 0.976604 0.286281 0.046958 0.060062
2 0.306014 0.264416 0.037028 0.069458
2 0.382352 0.257094 0.039705 0.057937
2 0.272023 0.257906 0.031545 0.037687
2 0.631262 0.254062 0.059398 0.030000
2 0.424859 0.257615 0.046592 0.055855
2 0.226993 0.248271 0.019611 0.018417
2 0.363509 0.261625 0.061392 0.067000
3 0.639664 0.663566 0.719953 0.674006
4 0.676070 0.658784 0.645889 0.664442
5 0.703455 0.530635 0.594411 0.420645
6 0.723712 0.472594 0.553673 0.317062
7 0.755168 0.394740 0.488461 0.189480
2 0.864162 0.342334 0.250200 0.175292
2 0.681987 0.445000 0.357723 0.365000
2 0.344905 0.274187 0.074186 0.082750
2 0.549363 0.293229 0.114352 0.098958
2 0.494016 0.273562 0.059906 0.072125
2 0.976604 0.286281 0.046958 0.060062
2 0.306014 0.264416 0.037028 0.069458
2 0.382352 0.257094 0.039705 0.057937
2 0.272023 0.257906 0.031545 0.037687
2 0.631262 0.254062 0.059398 0.030000
2 0.424859 0.257615 0.046592 0.055855
2 0.226993 0.248271 0.019611 0.018417
2 0.363509 0.261625 0.061392 0.067000
