3 0.6396640625 0.663565625 0.719953125 0.6740062499999999
4 0.67606953125 0.65878359375 0.6458890625 0.6644421875
5 0.70345546875 0.53063515625 0.5944109375 0.42064531250000003
6 0.72371171875 0.47259375 0.5536734375 0.31706249999999997
7 0.75516796875 0.39473984375 0.4884609375 0.1894796875
2 0.96662109375 0.25561484375 0.0676171875 0.0549796875
2 0.43961640625000004 0.3041875 0.1261078125 0.145875
2 0.85985859375 0.32513515625 0.1853421875 0.1440203125
2 0.35251796875 0.27494765625 0.058160937499999996 0.0905203125
2 0.6348640624999999 0.30482265625 0.125978125 0.1221453125
2 0.9303273437499999 0.41352109375 0.1387796875 0.28329218749999996
2 0.28722890625 0.2459375 0.0494578125 0.073125
8 0.56168046875 0.33077109375 0.0671109375 0.1740421875
2 0.6433609375 0.24388515625 0.049221875 0.0221453125
3 0.6396640625 0.663565625 0.719953125 0.6740062499999999
4 0.67606953125 0.65878359375 0.6458890625 0.6644421875
5 0.70345546875 0.53063515625 0.5944109375 0.42064531250000003
6 0.72371171875 0.47259375 0.5536734375 0.31706249999999997
7 0.75516796875 0.39473984375 0.4884609375 0.1894796875
2 0.96662109375 0.25561484375 0.0676171875 0.0549796875
2 0.43961640625000004 0.3041875 0.1261078125 0.145875
2 0.85985859375 0.32513515625 0.1853421875 0.1440203125
2 0.35251796875 0.27494765625 0.058160937499999996 0.0905203125
2 0.6348640624999999 0.30482265625 0.125978125 0.1221453125
2 0.9303273437499999 0.41352109375 0.1387796875 0.28329218749999996
2 0.28722890625 0.2459375 0.0494578125 0.073125
8 0.56168046875 0.33077109375 0.0671109375 0.1740421875
2 0.6433609375 0.24388515625 0.049221875 0.0221453125
3 0.639664 0.663566 0.719953 0.674006
4 0.676070 0.658784 0.645889 0.664442
5 0.703455 0.530635 0.594411 0.420645
6 0.723712 0.472594 0.553673 0.317062
7 0.755168 0.394740 0.488461 0.189480
2 0.966621 0.255615 0.067617 0.054980
2 0.439616 0.304187 0.126108 0.145875
2 0.859859 0.325135 0.185342 0.144020
2 0.352518 0.274948 0.058161 0.090520
2 0.634864 0.304823 0.125978 0.122145
2 0.930327 0.413521 0.138780 0.283292
2 0.287229 0.245938 0.049458 0.073125
8 0.561680 0.330771 0.067111 0.174042
2 0.643361 0.243885 0.049222 0.022145
3 0.639664 0.663566 0.719953 0.674006
4 0.676070 0.658784 0.645889 0.664442
5 0.703455 0.530635 0.594411 0.420645
6 0.723712 0.472594 0.553673 0.317062
7 0.755168 0.394740 0.488461 0.189480
2 0.966621 0.255615 0.067617 0.054980
2 0.439616 0.304187 0.126108 0.145875
2 0.859859 0.325135 0.185342 0.144020
2 0.352518 0.274948 0.058161 0.090520
2 0.634864 0.304823 0.125978 0.122145
2 0.930327 0.413521 0.138780 0.283292
2 0.287229 0.245938 0.049458 0.073125
8 0.561680 0.330771 0.067111 0.174042
2 0.643361 0.243885 0.049222 0.022145
4 0.639664 0.663566 0.719953 0.674006
5 0.676070 0.658784 0.645889 0.664442
6 0.703455 0.530635 0.594411 0.420645
7 0.723712 0.472594 0.553673 0.317062
8 0.755168 0.394740 0.488461 0.189480
3 0.966621 0.255615 0.067617 0.054980
3 0.439616 0.304187 0.126108 0.145875
3 0.859859 0.325135 0.185342 0.144020
3 0.352518 0.274948 0.058161 0.090520
3 0.634864 0.304823 0.125978 0.122145
3 0.930327 0.413521 0.138780 0.283292
3 0.287229 0.245938 0.049458 0.073125
9 0.561680 0.330771 0.067111 0.174042
3 0.643361 0.243885 0.049222 0.022145
3 0.639664 0.663566 0.719953 0.674006
4 0.676070 0.658784 0.645889 0.664442
5 0.703455 0.530635 0.594411 0.420645
6 0.723712 0.472594 0.553673 0.317062
7 0.755168 0.394740 0.488461 0.189480
2 0.966621 0.255615 0.067617 0.054980
2 0.439616 0.304187 0.126108 0.145875
2 0.859859 0.325135 0.185342 0.144020
2 0.352518 0.274948 0.058161 0.090520
2 0.634864 0.304823 0.125978 0.122145
2 0.930327 0.413521 0.138780 0.283292
2 0.287229 0.245938 0.049458 0.073125
8 0.561680 0.330771 0.067111 0.174042
2 0.643361 0.243885 0.049222 0.022145
3 0.639664 0.663566 0.719953 0.674006
4 0.676070 0.658784 0.645889 0.664442
5 0.703455 0.530635 0.594411 0.420645
6 0.723712 0.472594 0.553673 0.317062
7 0.755168 0.394740 0.488461 0.189480
2 0.966621 0.255615 0.067617 0.054980
2 0.439616 0.304187 0.126108 0.145875
2 0.859859 0.325135 0.185342 0.144020
2 0.352518 0.274948 0.058161 0.090520
2 0.634864 0.304823 0.125978 0.122145
2 0.930327 0.413521 0.138780 0.283292
2 0.287229 0.245938 0.049458 0.073125
8 0.561680 0.330771 0.067111 0.174042
2 0.643361 0.243885 0.049222 0.022145
3 0.639664 0.663566 0.719953 0.674006
4 0.676070 0.658784 0.645889 0.664442
5 0.703455 0.530635 0.594411 0.420645
6 0.723712 0.472594 0.553673 0.317062
7 0.755168 0.394740 0.488461 0.189480
2 0.966621 0.255615 0.067617 0.054980
2 0.439616 0.304187 0.126108 0.145875
2 0.859859 0.325135 0.185342 0.144020
2 0.352518 0.274948 0.058161 0.090520
2 0.634864 0.304823 0.125978 0.122145
2 0.930327 0.413521 0.138780 0.283292
2 0.287229 0.245938 0.049458 0.073125
8 0.561680 0.330771 0.067111 0.174042
2 0.643361 0.243885 0.049222 0.022145
