3 0.6396640625 0.663565625 0.719953125 0.6740062499999999
4 0.67606953125 0.65878359375 0.6458890625 0.6644421875
5 0.70345546875 0.53063515625 0.5944109375 0.42064531250000003
6 0.72371171875 0.47259375 0.5536734375 0.31706249999999997
7 0.75516796875 0.39473984375 0.4884609375 0.1894796875
2 0.45576640625 0.25704140625 0.0834078125 0.0953328125
2 0.29948125000000003 0.238375 0.052087499999999995 0.06737499999999999
2 0.95656875 0.3156875 0.08813750000000001 0.16575
2 0.3947109375 0.24334375000000003 0.048796875 0.0679375
2 0.6134078125 0.24797890625000002 0.083065625 0.1209578125
2 0.74443359375 0.30772890625000004 0.2701171875 0.2217078125
2 0.239953125 0.22222890624999997 0.04240625 0.041332812499999996
3 0.6396640625 0.663565625 0.719953125 0.6740062499999999
4 0.67606953125 0.65878359375 0.6458890625 0.6644421875
5 0.70345546875 0.53063515625 0.5944109375 0.42064531250000003
6 0.72371171875 0.47259375 0.5536734375 0.31706249999999997
7 0.75516796875 0.39473984375 0.4884609375 0.1894796875
2 0.45576640625 0.25704140625 0.0834078125 0.0953328125
2 0.29948125000000003 0.238375 0.052087499999999995 0.06737499999999999
2 0.95656875 0.3156875 0.08813750000000001 0.16575
2 0.3947109375 0.24334375000000003 0.048796875 0.0679375
2 0.6134078125 0.24797890625000002 0.083065625 0.1209578125
2 0.74443359375 0.30772890625000004 0.2701171875 0.2217078125
2 0.239953125 0.22222890624999997 0.04240625 0.041332812499999996
3 0.639664 0.663566 0.719953 0.674006
4 0.676070 0.658784 0.645889 0.664442
5 0.703455 0.530635 0.594411 0.420645
6 0.723712 0.472594 0.553673 0.317062
7 0.755168 0.394740 0.488461 0.189480
2 0.455766 0.257041 0.083408 0.095333
2 0.299481 0.238375 0.052087 0.067375
2 0.956569 0.315688 0.088138 0.165750
2 0.394711 0.243344 0.048797 0.067937
2 0.613408 0.247979 0.083066 0.120958
2 0.744434 0.307729 0.270117 0.221708
2 0.239953 0.222229 0.042406 0.041333
3 0.639664 0.663566 0.719953 0.674006
4 0.676070 0.658784 0.645889 0.664442
5 0.703455 0.530635 0.594411 0.420645
6 0.723712 0.472594 0.553673 0.317062
7 0.755168 0.394740 0.488461 0.189480
2 0.455766 0.257041 0.083408 0.095333
2 0.299481 0.238375 0.052087 0.067375
2 0.956569 0.315688 0.088138 0.165750
2 0.394711 0.243344 0.048797 0.067937
2 0.613408 0.247979 0.083066 0.120958
2 0.744434 0.307729 0.270117 0.221708
2 0.239953 0.222229 0.042406 0.041333
4 0.639664 0.663566 0.719953 0.674006
5 0.676070 0.658784 0.645889 0.664442
6 0.703455 0.530635 0.594411 0.420645
7 0.723712 0.472594 0.553673 0.317062
8 0.755168 0.394740 0.488461 0.189480
3 0.455766 0.257041 0.083408 0.095333
3 0.299481 0.238375 0.052087 0.067375
3 0.956569 0.315688 0.088138 0.165750
3 0.394711 0.243344 0.048797 0.067937
3 0.613408 0.247979 0.083066 0.120958
3 0.744434 0.307729 0.270117 0.221708
3 0.239953 0.222229 0.042406 0.041333
3 0.639664 0.663566 0.719953 0.674006
4 0.676070 0.658784 0.645889 0.664442
5 0.703455 0.530635 0.594411 0.420645
6 0.723712 0.472594 0.553673 0.317062
7 0.755168 0.394740 0.488461 0.189480
2 0.455766 0.257041 0.083408 0.095333
2 0.299481 0.238375 0.052087 0.067375
2 0.956569 0.315688 0.088138 0.165750
2 0.394711 0.243344 0.048797 0.067937
2 0.613408 0.247979 0.083066 0.120958
2 0.744434 0.307729 0.270117 0.221708
2 0.239953 0.222229 0.042406 0.041333
3 0.639664 0.663566 0.719953 0.674006
4 0.676070 0.658784 0.645889 0.664442
5 0.703455 0.530635 0.594411 0.420645
6 0.723712 0.472594 0.553673 0.317062
7 0.755168 0.394740 0.488461 0.189480
2 0.455766 0.257041 0.083408 0.095333
2 0.299481 0.238375 0.052087 0.067375
2 0.956569 0.315688 0.088138 0.165750
2 0.394711 0.243344 0.048797 0.067937
2 0.613408 0.247979 0.083066 0.120958
2 0.744434 0.307729 0.270117 0.221708
2 0.239953 0.222229 0.042406 0.041333
3 0.639664 0.663566 0.719953 0.674006
4 0.676070 0.658784 0.645889 0.664442
5 0.703455 0.530635 0.594411 0.420645
6 0.723712 0.472594 0.553673 0.317062
7 0.755168 0.394740 0.488461 0.189480
2 0.455766 0.257041 0.083408 0.095333
2 0.299481 0.238375 0.052087 0.067375
2 0.956569 0.315688 0.088138 0.165750
2 0.394711 0.243344 0.048797 0.067937
2 0.613408 0.247979 0.083066 0.120958
2 0.744434 0.307729 0.270117 0.221708
2 0.239953 0.222229 0.042406 0.041333
