3 0.6396640625 0.663565625 0.719953125 0.6740062499999999
4 0.67606953125 0.65878359375 0.6458890625 0.6644421875
5 0.70345546875 0.53063515625 0.5944109375 0.42064531250000003
6 0.72371171875 0.47259375 0.5536734375 0.31706249999999997
7 0.75516796875 0.39473984375 0.4884609375 0.1894796875
9 0.8633960937499999 0.33060390625 0.27366718749999996 0.21745781250000001
9 0.5512796875 0.38083359375 0.243184375 0.23666718750000001
9 0.3409609375 0.2904375 0.072546875 0.093375
9 0.64542421875 0.28338515625 0.1189734375 0.1323953125
2 0.28895078124999996 0.26128125 0.0529015625 0.056937499999999995
3 0.6396640625 0.663565625 0.719953125 0.6740062499999999
4 0.67606953125 0.65878359375 0.6458890625 0.6644421875
5 0.70345546875 0.53063515625 0.5944109375 0.42064531250000003
6 0.72371171875 0.47259375 0.5536734375 0.31706249999999997
7 0.75516796875 0.39473984375 0.4884609375 0.1894796875
9 0.8633960937499999 0.33060390625 0.27366718749999996 0.21745781250000001
9 0.5512796875 0.38083359375 0.243184375 0.23666718750000001
9 0.3409609375 0.2904375 0.072546875 0.093375
9 0.64542421875 0.28338515625 0.1189734375 0.1323953125
2 0.28895078124999996 0.26128125 0.0529015625 0.056937499999999995
3 0.639664 0.663566 0.719953 0.674006
4 0.676070 0.658784 0.645889 0.664442
5 0.703455 0.530635 0.594411 0.420645
6 0.723712 0.472594 0.553673 0.317062
7 0.755168 0.394740 0.488461 0.189480
9 0.863396 0.330604 0.273667 0.217458
9 0.551280 0.380834 0.243184 0.236667
9 0.340961 0.290438 0.072547 0.093375
9 0.645424 0.283385 0.118973 0.132395
2 0.288951 0.261281 0.052902 0.056937
3 0.639664 0.663566 0.719953 0.674006
4 0.676070 0.658784 0.645889 0.664442
5 0.703455 0.530635 0.594411 0.420645
6 0.723712 0.472594 0.553673 0.317062
7 0.755168 0.394740 0.488461 0.189480
9 0.863396 0.330604 0.273667 0.217458
9 0.551280 0.380834 0.243184 0.236667
9 0.340961 0.290438 0.072547 0.093375
9 0.645424 0.283385 0.118973 0.132395
2 0.288951 0.261281 0.052902 0.056937
4 0.639664 0.663566 0.719953 0.674006
5 0.676070 0.658784 0.645889 0.664442
6 0.703455 0.530635 0.594411 0.420645
7 0.723712 0.472594 0.553673 0.317062
8 0.755168 0.394740 0.488461 0.189480
10 0.863396 0.330604 0.273667 0.217458
10 0.551280 0.380834 0.243184 0.236667
10 0.340961 0.290438 0.072547 0.093375
10 0.645424 0.283385 0.118973 0.132395
3 0.288951 0.261281 0.052902 0.056937
3 0.639664 0.663566 0.719953 0.674006
4 0.676070 0.658784 0.645889 0.664442
5 0.703455 0.530635 0.594411 0.420645
6 0.723712 0.472594 0.553673 0.317062
7 0.755168 0.394740 0.488461 0.189480
9 0.863396 0.330604 0.273667 0.217458
9 0.551280 0.380834 0.243184 0.236667
9 0.340961 0.290438 0.072547 0.093375
9 0.645424 0.283385 0.118973 0.132395
2 0.288951 0.261281 0.052902 0.056937
3 0.639664 0.663566 0.719953 0.674006
4 0.676070 0.658784 0.645889 0.664442
5 0.703455 0.530635 0.594411 0.420645
6 0.723712 0.472594 0.553673 0.317062
7 0.755168 0.394740 0.488461 0.189480
9 0.863396 0.330604 0.273667 0.217458
9 0.551280 0.380834 0.243184 0.236667
9 0.340961 0.290438 0.072547 0.093375
9 0.645424 0.283385 0.118973 0.132395
2 0.288951 0.261281 0.052902 0.056937
3 0.639664 0.663566 0.719953 0.674006
4 0.676070 0.658784 0.645889 0.664442
5 0.703455 0.530635 0.594411 0.420645
6 0.723712 0.472594 0.553673 0.317062
7 0.755168 0.394740 0.488461 0.189480
9 0.863396 0.330604 0.273667 0.217458
9 0.551280 0.380834 0.243184 0.236667
9 0.340961 0.290438 0.072547 0.093375
9 0.645424 0.283385 0.118973 0.132395
2 0.288951 0.261281 0.052902 0.056937
