3 0.6396640625 0.663565625 0.719953125 0.6740062499999999
4 0.67606953125 0.65878359375 0.6458890625 0.6644421875
5 0.70345546875 0.53063515625 0.5944109375 0.42064531250000003
6 0.72371171875 0.47259375 0.5536734375 0.31706249999999997
7 0.75516796875 0.39473984375 0.4884609375 0.1894796875
2 0.5353125000000001 0.24067734375 0.0675 0.0751046875
2 0.34980546874999996 0.24545859375 0.07773593749999999 0.0940421875
2 0.43791875 0.23523984374999998 0.0852125 0.0986046875
2 0.81594375 0.36507265625 0.3693875 0.4301453125
2 0.29376171875 0.22753125000000002 0.0437734375 0.0581875
2 0.6665328125000001 0.24979140625000001 0.10806562500000001 0.11833281250000001
2 0.26404453125 0.21835390625 0.0312140625 0.052332812500000006
2 0.241409375 0.20839609375 0.02344375 0.0199171875
2 0.38270078124999996 0.22269765625 0.024776562499999998 0.054770312499999994
3 0.6396640625 0.663565625 0.719953125 0.6740062499999999
4 0.67606953125 0.65878359375 0.6458890625 0.6644421875
5 0.70345546875 0.53063515625 0.5944109375 0.42064531250000003
6 0.72371171875 0.47259375 0.5536734375 0.31706249999999997
7 0.75516796875 0.39473984375 0.4884609375 0.1894796875
2 0.5353125000000001 0.24067734375 0.0675 0.0751046875
2 0.34980546874999996 0.24545859375 0.07773593749999999 0.0940421875
2 0.43791875 0.23523984374999998 0.0852125 0.0986046875
2 0.81594375 0.36507265625 0.3693875 0.4301453125
2 0.29376171875 0.22753125000000002 0.0437734375 0.0581875
2 0.6665328125000001 0.24979140625000001 0.10806562500000001 0.11833281250000001
2 0.26404453125 0.21835390625 0.0312140625 0.052332812500000006
2 0.241409375 0.20839609375 0.02344375 0.0199171875
2 0.38270078124999996 0.22269765625 0.024776562499999998 0.054770312499999994
3 0.639664 0.663566 0.719953 0.674006
4 0.676070 0.658784 0.645889 0.664442
5 0.703455 0.530635 0.594411 0.420645
6 0.723712 0.472594 0.553673 0.317062
7 0.755168 0.394740 0.488461 0.189480
2 0.535313 0.240677 0.067500 0.075105
2 0.349805 0.245459 0.077736 0.094042
2 0.437919 0.235240 0.085212 0.098605
2 0.815944 0.365073 0.369387 0.430145
2 0.293762 0.227531 0.043773 0.058188
2 0.666533 0.249791 0.108066 0.118333
2 0.264045 0.218354 0.031214 0.052333
2 0.241409 0.208396 0.023444 0.019917
2 0.382701 0.222698 0.024777 0.054770
3 0.639664 0.663566 0.719953 0.674006
4 0.676070 0.658784 0.645889 0.664442
5 0.703455 0.530635 0.594411 0.420645
6 0.723712 0.472594 0.553673 0.317062
7 0.755168 0.394740 0.488461 0.189480
2 0.535313 0.240677 0.067500 0.075105
2 0.349805 0.245459 0.077736 0.094042
2 0.437919 0.235240 0.085212 0.098605
2 0.815944 0.365073 0.369387 0.430145
2 0.293762 0.227531 0.043773 0.058188
2 0.666533 0.249791 0.108066 0.118333
2 0.264045 0.218354 0.031214 0.052333
2 0.241409 0.208396 0.023444 0.019917
2 0.382701 0.222698 0.024777 0.054770
4 0.639664 0.663566 0.719953 0.674006
5 0.676070 0.658784 0.645889 0.664442
6 0.703455 0.530635 0.594411 0.420645
7 0.723712 0.472594 0.553673 0.317062
8 0.755168 0.394740 0.488461 0.189480
3 0.535313 0.240677 0.067500 0.075105
3 0.349805 0.245459 0.077736 0.094042
3 0.437919 0.235240 0.085212 0.098605
3 0.815944 0.365073 0.369387 0.430145
3 0.293762 0.227531 0.043773 0.058188
3 0.666533 0.249791 0.108066 0.118333
3 0.264045 0.218354 0.031214 0.052333
3 0.241409 0.208396 0.023444 0.019917
3 0.382701 0.222698 0.024777 0.054770
3 0.639664 0.663566 0.719953 0.674006
4 0.676070 0.658784 0.645889 0.664442
5 0.703455 0.530635 0.594411 0.420645
6 0.723712 0.472594 0.553673 0.317062
7 0.755168 0.394740 0.488461 0.189480
2 0.535313 0.240677 0.067500 0.075105
2 0.349805 0.245459 0.077736 0.094042
2 0.437919 0.235240 0.085212 0.098605
2 0.815944 0.365073 0.369387 0.430145
2 0.293762 0.227531 0.043773 0.058188
2 0.666533 0.249791 0.108066 0.118333
2 0.264045 0.218354 0.031214 0.052333
2 0.241409 0.208396 0.023444 0.019917
2 0.382701 0.222698 0.024777 0.054770
3 0.639664 0.663566 0.719953 0.674006
4 0.676070 0.658784 0.645889 0.664442
5 0.703455 0.530635 0.594411 0.420645
6 0.723712 0.472594 0.553673 0.317062
7 0.755168 0.394740 0.488461 0.189480
2 0.535313 0.240677 0.067500 0.075105
2 0.349805 0.245459 0.077736 0.094042
2 0.437919 0.235240 0.085212 0.098605
2 0.815944 0.365073 0.369387 0.430145
2 0.293762 0.227531 0.043773 0.058188
2 0.666533 0.249791 0.108066 0.118333
2 0.264045 0.218354 0.031214 0.052333
2 0.241409 0.208396 0.023444 0.019917
2 0.382701 0.222698 0.024777 0.054770
3 0.639664 0.663566 0.719953 0.674006
4 0.676070 0.658784 0.645889 0.664442
5 0.703455 0.530635 0.594411 0.420645
6 0.723712 0.472594 0.553673 0.317062
7 0.755168 0.394740 0.488461 0.189480
2 0.535313 0.240677 0.067500 0.075105
2 0.349805 0.245459 0.077736 0.094042
2 0.437919 0.235240 0.085212 0.098605
2 0.815944 0.365073 0.369387 0.430145
2 0.293762 0.227531 0.043773 0.058188
2 0.666533 0.249791 0.108066 0.118333
2 0.264045 0.218354 0.031214 0.052333
2 0.241409 0.208396 0.023444 0.019917
2 0.382701 0.222698 0.024777 0.054770
