3 0.6396640625 0.663565625 0.719953125 0.6740062499999999
4 0.67606953125 0.65878359375 0.6458890625 0.6644421875
5 0.70345546875 0.53063515625 0.5944109375 0.42064531250000003
6 0.72371171875 0.47259375 0.5536734375 0.31706249999999997
7 0.75516796875 0.39473984375 0.4884609375 0.1894796875
2 0.65798359375 0.3348125 0.20346718749999998 0.17275000000000001
2 0.5353421875000001 0.28325 0.086309375 0.08837500000000001
2 0.3697109375 0.28033359375 0.076921875 0.0981671875
2 0.3129953125 0.2709375 0.035365625 0.073125
2 0.97053046875 0.29009375 0.0535609375 0.0489375
2 0.479421875 0.254375 0.03071875 0.03375
8 0.44122031249999993 0.31285390625 0.038690625 0.10383281250000001
2 0.27657421875 0.25815625 0.0375234375 0.044437500000000005
2 0.22923906249999998 0.246875 0.020978125 0.01875
3 0.6396640625 0.663565625 0.719953125 0.6740062499999999
4 0.67606953125 0.65878359375 0.6458890625 0.6644421875
5 0.70345546875 0.53063515625 0.5944109375 0.42064531250000003
6 0.72371171875 0.47259375 0.5536734375 0.31706249999999997
7 0.75516796875 0.39473984375 0.4884609375 0.1894796875
2 0.65798359375 0.3348125 0.20346718749999998 0.17275000000000001
2 0.5353421875000001 0.28325 0.086309375 0.08837500000000001
2 0.3697109375 0.28033359375 0.076921875 0.0981671875
2 0.3129953125 0.2709375 0.035365625 0.073125
2 0.97053046875 0.29009375 0.0535609375 0.0489375
2 0.479421875 0.254375 0.03071875 0.03375
8 0.44122031249999993 0.31285390625 0.038690625 0.10383281250000001
2 0.27657421875 0.25815625 0.0375234375 0.044437500000000005
2 0.22923906249999998 0.246875 0.020978125 0.01875
3 0.639664 0.663566 0.719953 0.674006
4 0.676070 0.658784 0.645889 0.664442
5 0.703455 0.530635 0.594411 0.420645
6 0.723712 0.472594 0.553673 0.317062
7 0.755168 0.394740 0.488461 0.189480
2 0.657984 0.334813 0.203467 0.172750
2 0.535342 0.283250 0.086309 0.088375
2 0.369711 0.280334 0.076922 0.098167
2 0.312995 0.270937 0.035366 0.073125
2 0.970530 0.290094 0.053561 0.048938
2 0.479422 0.254375 0.030719 0.033750
8 0.441220 0.312854 0.038691 0.103833
2 0.276574 0.258156 0.037523 0.044438
2 0.229239 0.246875 0.020978 0.018750
3 0.639664 0.663566 0.719953 0.674006
4 0.676070 0.658784 0.645889 0.664442
5 0.703455 0.530635 0.594411 0.420645
6 0.723712 0.472594 0.553673 0.317062
7 0.755168 0.394740 0.488461 0.189480
2 0.657984 0.334813 0.203467 0.172750
2 0.535342 0.283250 0.086309 0.088375
2 0.369711 0.280334 0.076922 0.098167
2 0.312995 0.270937 0.035366 0.073125
2 0.970530 0.290094 0.053561 0.048938
2 0.479422 0.254375 0.030719 0.033750
8 0.441220 0.312854 0.038691 0.103833
2 0.276574 0.258156 0.037523 0.044438
2 0.229239 0.246875 0.020978 0.018750
4 0.639664 0.663566 0.719953 0.674006
5 0.676070 0.658784 0.645889 0.664442
6 0.703455 0.530635 0.594411 0.420645
7 0.723712 0.472594 0.553673 0.317062
8 0.755168 0.394740 0.488461 0.189480
3 0.657984 0.334813 0.203467 0.172750
3 0.535342 0.283250 0.086309 0.088375
3 0.369711 0.280334 0.076922 0.098167
3 0.312995 0.270937 0.035366 0.073125
3 0.970530 0.290094 0.053561 0.048938
3 0.479422 0.254375 0.030719 0.033750
9 0.441220 0.312854 0.038691 0.103833
3 0.276574 0.258156 0.037523 0.044438
3 0.229239 0.246875 0.020978 0.018750
3 0.639664 0.663566 0.719953 0.674006
4 0.676070 0.658784 0.645889 0.664442
5 0.703455 0.530635 0.594411 0.420645
6 0.723712 0.472594 0.553673 0.317062
7 0.755168 0.394740 0.488461 0.189480
2 0.657984 0.334813 0.203467 0.172750
2 0.535342 0.283250 0.086309 0.088375
2 0.369711 0.280334 0.076922 0.098167
2 0.312995 0.270937 0.035366 0.073125
2 0.970530 0.290094 0.053561 0.048938
2 0.479422 0.254375 0.030719 0.033750
8 0.441220 0.312854 0.038691 0.103833
2 0.276574 0.258156 0.037523 0.044438
2 0.229239 0.246875 0.020978 0.018750
3 0.639664 0.663566 0.719953 0.674006
4 0.676070 0.658784 0.645889 0.664442
5 0.703455 0.530635 0.594411 0.420645
6 0.723712 0.472594 0.553673 0.317062
7 0.755168 0.394740 0.488461 0.189480
2 0.657984 0.334813 0.203467 0.172750
2 0.535342 0.283250 0.086309 0.088375
2 0.369711 0.280334 0.076922 0.098167
2 0.312995 0.270937 0.035366 0.073125
2 0.970530 0.290094 0.053561 0.048938
2 0.479422 0.254375 0.030719 0.033750
8 0.441220 0.312854 0.038691 0.103833
2 0.276574 0.258156 0.037523 0.044438
2 0.229239 0.246875 0.020978 0.018750
3 0.639664 0.663566 0.719953 0.674006
4 0.676070 0.658784 0.645889 0.664442
5 0.703455 0.530635 0.594411 0.420645
6 0.723712 0.472594 0.553673 0.317062
7 0.755168 0.394740 0.488461 0.189480
2 0.657984 0.334813 0.203467 0.172750
2 0.535342 0.283250 0.086309 0.088375
2 0.369711 0.280334 0.076922 0.098167
2 0.312995 0.270937 0.035366 0.073125
2 0.970530 0.290094 0.053561 0.048938
2 0.479422 0.254375 0.030719 0.033750
8 0.441220 0.312854 0.038691 0.103833
2 0.276574 0.258156 0.037523 0.044438
2 0.229239 0.246875 0.020978 0.018750
