3 0.6396640625 0.663565625 0.719953125 0.6740062499999999
4 0.67606953125 0.65878359375 0.6458890625 0.6644421875
5 0.70345546875 0.53063515625 0.5944109375 0.42064531250000003
6 0.72371171875 0.47259375 0.5536734375 0.31706249999999997
7 0.75516796875 0.39473984375 0.4884609375 0.1894796875
2 0.47618515625 0.24114609375 0.11487031249999999 0.11979218750000001
2 0.38093750000000004 0.24569765625 0.11187499999999999 0.1445203125
2 0.69769453125 0.40760390625 0.40788906249999995 0.3495828125
2 0.25696328125 0.21738515625 0.0295515625 0.0347703125
2 0.06326093749999999 0.21291640625000002 0.06402187499999999 0.050832812500000005
2 0.30991171875 0.21928125 0.0229484375 0.0416875
2 0.6916984375 0.24315625000000002 0.164646875 0.10818749999999999
2 0.22886796875 0.20791640625 0.020235937500000002 0.0283328125
3 0.6396640625 0.663565625 0.719953125 0.6740062499999999
4 0.67606953125 0.65878359375 0.6458890625 0.6644421875
5 0.70345546875 0.53063515625 0.5944109375 0.42064531250000003
6 0.72371171875 0.47259375 0.5536734375 0.31706249999999997
7 0.75516796875 0.39473984375 0.4884609375 0.1894796875
2 0.47618515625 0.24114609375 0.11487031249999999 0.11979218750000001
2 0.38093750000000004 0.24569765625 0.11187499999999999 0.1445203125
2 0.69769453125 0.40760390625 0.40788906249999995 0.3495828125
2 0.25696328125 0.21738515625 0.0295515625 0.0347703125
2 0.06326093749999999 0.21291640625000002 0.06402187499999999 0.050832812500000005
2 0.30991171875 0.21928125 0.0229484375 0.0416875
2 0.6916984375 0.24315625000000002 0.164646875 0.10818749999999999
2 0.22886796875 0.20791640625 0.020235937500000002 0.0283328125
3 0.639664 0.663566 0.719953 0.674006
4 0.676070 0.658784 0.645889 0.664442
5 0.703455 0.530635 0.594411 0.420645
6 0.723712 0.472594 0.553673 0.317062
7 0.755168 0.394740 0.488461 0.189480
2 0.476185 0.241146 0.114870 0.119792
2 0.380938 0.245698 0.111875 0.144520
2 0.697695 0.407604 0.407889 0.349583
2 0.256963 0.217385 0.029552 0.034770
2 0.063261 0.212916 0.064022 0.050833
2 0.309912 0.219281 0.022948 0.041688
2 0.691698 0.243156 0.164647 0.108187
2 0.228868 0.207916 0.020236 0.028333
3 0.639664 0.663566 0.719953 0.674006
4 0.676070 0.658784 0.645889 0.664442
5 0.703455 0.530635 0.594411 0.420645
6 0.723712 0.472594 0.553673 0.317062
7 0.755168 0.394740 0.488461 0.189480
2 0.476185 0.241146 0.114870 0.119792
2 0.380938 0.245698 0.111875 0.144520
2 0.697695 0.407604 0.407889 0.349583
2 0.256963 0.217385 0.029552 0.034770
2 0.063261 0.212916 0.064022 0.050833
2 0.309912 0.219281 0.022948 0.041688
2 0.691698 0.243156 0.164647 0.108187
2 0.228868 0.207916 0.020236 0.028333
4 0.639664 0.663566 0.719953 0.674006
5 0.676070 0.658784 0.645889 0.664442
6 0.703455 0.530635 0.594411 0.420645
7 0.723712 0.472594 0.553673 0.317062
8 0.755168 0.394740 0.488461 0.189480
3 0.476185 0.241146 0.114870 0.119792
3 0.380938 0.245698 0.111875 0.144520
3 0.697695 0.407604 0.407889 0.349583
3 0.256963 0.217385 0.029552 0.034770
3 0.063261 0.212916 0.064022 0.050833
3 0.309912 0.219281 0.022948 0.041688
3 0.691698 0.243156 0.164647 0.108187
3 0.228868 0.207916 0.020236 0.028333
3 0.639664 0.663566 0.719953 0.674006
4 0.676070 0.658784 0.645889 0.664442
5 0.703455 0.530635 0.594411 0.420645
6 0.723712 0.472594 0.553673 0.317062
7 0.755168 0.394740 0.488461 0.189480
2 0.476185 0.241146 0.114870 0.119792
2 0.380938 0.245698 0.111875 0.144520
2 0.697695 0.407604 0.407889 0.349583
2 0.256963 0.217385 0.029552 0.034770
2 0.063261 0.212916 0.064022 0.050833
2 0.309912 0.219281 0.022948 0.041688
2 0.691698 0.243156 0.164647 0.108187
2 0.228868 0.207916 0.020236 0.028333
3 0.639664 0.663566 0.719953 0.674006
4 0.676070 0.658784 0.645889 0.664442
5 0.703455 0.530635 0.594411 0.420645
6 0.723712 0.472594 0.553673 0.317062
7 0.755168 0.394740 0.488461 0.189480
2 0.476185 0.241146 0.114870 0.119792
2 0.380938 0.245698 0.111875 0.144520
2 0.697695 0.407604 0.407889 0.349583
2 0.256963 0.217385 0.029552 0.034770
2 0.063261 0.212916 0.064022 0.050833
2 0.309912 0.219281 0.022948 0.041688
2 0.691698 0.243156 0.164647 0.108187
2 0.228868 0.207916 0.020236 0.028333
3 0.639664 0.663566 0.719953 0.674006
4 0.676070 0.658784 0.645889 0.664442
5 0.703455 0.530635 0.594411 0.420645
6 0.723712 0.472594 0.553673 0.317062
7 0.755168 0.394740 0.488461 0.189480
2 0.476185 0.241146 0.114870 0.119792
2 0.380938 0.245698 0.111875 0.144520
2 0.697695 0.407604 0.407889 0.349583
2 0.256963 0.217385 0.029552 0.034770
2 0.063261 0.212916 0.064022 0.050833
2 0.309912 0.219281 0.022948 0.041688
2 0.691698 0.243156 0.164647 0.108187
2 0.228868 0.207916 0.020236 0.028333
