3 0.6396640625 0.663565625 0.719953125 0.6740062499999999
4 0.67606953125 0.65878359375 0.6458890625 0.6644421875
5 0.70345546875 0.53063515625 0.5944109375 0.42064531250000003
6 0.72371171875 0.47259375 0.5536734375 0.31706249999999997
7 0.75516796875 0.39473984375 0.4884609375 0.1894796875
2 0.59064296875 0.24853125 0.07503593750000001 0.0376875
2 0.27821953125 0.22577109375 0.025189062499999998 0.029667187499999997
2 0.24892109375000002 0.22532265625 0.0322171875 0.0350203125
2 0.37030078125 0.23156249999999998 0.0468515625 0.05375
3 0.6396640625 0.663565625 0.719953125 0.6740062499999999
4 0.67606953125 0.65878359375 0.6458890625 0.6644421875
5 0.70345546875 0.53063515625 0.5944109375 0.42064531250000003
6 0.72371171875 0.47259375 0.5536734375 0.31706249999999997
7 0.75516796875 0.39473984375 0.4884609375 0.1894796875
2 0.59064296875 0.24853125 0.07503593750000001 0.0376875
2 0.27821953125 0.22577109375 0.025189062499999998 0.029667187499999997
2 0.24892109375000002 0.22532265625 0.0322171875 0.0350203125
2 0.37030078125 0.23156249999999998 0.0468515625 0.05375
3 0.639664 0.663566 0.719953 0.674006
4 0.676070 0.658784 0.645889 0.664442
5 0.703455 0.530635 0.594411 0.420645
6 0.723712 0.472594 0.553673 0.317062
7 0.755168 0.394740 0.488461 0.189480
2 0.590643 0.248531 0.075036 0.037687
2 0.278220 0.225771 0.025189 0.029667
2 0.248921 0.225323 0.032217 0.035020
2 0.370301 0.231562 0.046852 0.053750
3 0.639664 0.663566 0.719953 0.674006
4 0.676070 0.658784 0.645889 0.664442
5 0.703455 0.530635 0.594411 0.420645
6 0.723712 0.472594 0.553673 0.317062
7 0.755168 0.394740 0.488461 0.189480
2 0.590643 0.248531 0.075036 0.037687
2 0.278220 0.225771 0.025189 0.029667
2 0.248921 0.225323 0.032217 0.035020
2 0.370301 0.231562 0.046852 0.053750
4 0.639664 0.663566 0.719953 0.674006
5 0.676070 0.658784 0.645889 0.664442
6 0.703455 0.530635 0.594411 0.420645
7 0.723712 0.472594 0.553673 0.317062
8 0.755168 0.394740 0.488461 0.189480
3 0.590643 0.248531 0.075036 0.037687
3 0.278220 0.225771 0.025189 0.029667
3 0.248921 0.225323 0.032217 0.035020
3 0.370301 0.231562 0.046852 0.053750
3 0.639664 0.663566 0.719953 0.674006
4 0.676070 0.658784 0.645889 0.664442
5 0.703455 0.530635 0.594411 0.420645
6 0.723712 0.472594 0.553673 0.317062
7 0.755168 0.394740 0.488461 0.189480
2 0.590643 0.248531 0.075036 0.037687
2 0.278220 0.225771 0.025189 0.029667
2 0.248921 0.225323 0.032217 0.035020
2 0.370301 0.231562 0.046852 0.053750
3 0.639664 0.663566 0.719953 0.674006
4 0.676070 0.658784 0.645889 0.664442
5 0.703455 0.530635 0.594411 0.420645
6 0.723712 0.472594 0.553673 0.317062
7 0.755168 0.394740 0.488461 0.189480
2 0.590643 0.248531 0.075036 0.037687
2 0.278220 0.225771 0.025189 0.029667
2 0.248921 0.225323 0.032217 0.035020
2 0.370301 0.231562 0.046852 0.053750
3 0.639664 0.663566 0.719953 0.674006
4 0.676070 0.658784 0.645889 0.664442
5 0.703455 0.530635 0.594411 0.420645
6 0.723712 0.472594 0.553673 0.317062
7 0.755168 0.394740 0.488461 0.189480
2 0.590643 0.248531 0.075036 0.037687
2 0.278220 0.225771 0.025189 0.029667
2 0.248921 0.225323 0.032217 0.035020
2 0.370301 0.231562 0.046852 0.053750
