3 0.6396640625 0.663565625 0.719953125 0.6740062499999999
4 0.67606953125 0.65878359375 0.6458890625 0.6644421875
5 0.70345546875 0.53063515625 0.5944109375 0.42064531250000003
6 0.72371171875 0.47259375 0.5536734375 0.31706249999999997
7 0.75516796875 0.39473984375 0.4884609375 0.1894796875
2 0.5327296875 0.35378125000000005 0.199834375 0.21381250000000002
2 0.62845546875 0.32532265625 0.0850359375 0.10377031249999999
2 0.42643281250000004 0.265375 0.068490625 0.077625
2 0.80139765625 0.30095859375 0.1465453125 0.13004218750000002
2 0.32537109375 0.24953124999999998 0.0757421875 0.0959375
2 0.8442390625 0.2316875 0.054103124999999995 0.02275
2 0.7359078125 0.25463515625 0.059315625000000004 0.0467703125
2 0.23938125000000002 0.23328125000000002 0.0256375 0.025937500000000002
2 0.5746226562500001 0.24753125000000004 0.0961203125 0.06381250000000001
2 0.64706953125 0.25775000000000003 0.0660140625 0.056125
2 0.50686875 0.23252109375000002 0.0324875 0.0306671875
2 0.5719046875 0.228875 0.087559375 0.04525
3 0.6396640625 0.663565625 0.719953125 0.6740062499999999
4 0.67606953125 0.65878359375 0.6458890625 0.6644421875
5 0.70345546875 0.53063515625 0.5944109375 0.42064531250000003
6 0.72371171875 0.47259375 0.5536734375 0.31706249999999997
7 0.75516796875 0.39473984375 0.4884609375 0.1894796875
2 0.5327296875 0.35378125000000005 0.199834375 0.21381250000000002
2 0.62845546875 0.32532265625 0.0850359375 0.10377031249999999
2 0.42643281250000004 0.265375 0.068490625 0.077625
2 0.80139765625 0.30095859375 0.1465453125 0.13004218750000002
2 0.32537109375 0.24953124999999998 0.0757421875 0.0959375
2 0.8442390625 0.2316875 0.054103124999999995 0.02275
2 0.7359078125 0.25463515625 0.059315625000000004 0.0467703125
2 0.23938125000000002 0.23328125000000002 0.0256375 0.025937500000000002
2 0.5746226562500001 0.24753125000000004 0.0961203125 0.06381250000000001
2 0.64706953125 0.25775000000000003 0.0660140625 0.056125
2 0.50686875 0.23252109375000002 0.0324875 0.0306671875
2 0.5719046875 0.228875 0.087559375 0.04525
3 0.639664 0.663566 0.719953 0.674006
4 0.676070 0.658784 0.645889 0.664442
5 0.703455 0.530635 0.594411 0.420645
6 0.723712 0.472594 0.553673 0.317062
7 0.755168 0.394740 0.488461 0.189480
2 0.532730 0.353781 0.199834 0.213813
2 0.628455 0.325323 0.085036 0.103770
2 0.426433 0.265375 0.068491 0.077625
2 0.801398 0.300959 0.146545 0.130042
2 0.325371 0.249531 0.075742 0.095937
2 0.844239 0.231687 0.054103 0.022750
2 0.735908 0.254635 0.059316 0.046770
2 0.239381 0.233281 0.025638 0.025938
2 0.574623 0.247531 0.096120 0.063813
2 0.647070 0.257750 0.066014 0.056125
2 0.506869 0.232521 0.032488 0.030667
2 0.571905 0.228875 0.087559 0.045250
3 0.639664 0.663566 0.719953 0.674006
4 0.676070 0.658784 0.645889 0.664442
5 0.703455 0.530635 0.594411 0.420645
6 0.723712 0.472594 0.553673 0.317062
7 0.755168 0.394740 0.488461 0.189480
2 0.532730 0.353781 0.199834 0.213813
2 0.628455 0.325323 0.085036 0.103770
2 0.426433 0.265375 0.068491 0.077625
2 0.801398 0.300959 0.146545 0.130042
2 0.325371 0.249531 0.075742 0.095937
2 0.844239 0.231687 0.054103 0.022750
2 0.735908 0.254635 0.059316 0.046770
2 0.239381 0.233281 0.025638 0.025938
2 0.574623 0.247531 0.096120 0.063813
2 0.647070 0.257750 0.066014 0.056125
2 0.506869 0.232521 0.032488 0.030667
2 0.571905 0.228875 0.087559 0.045250
4 0.639664 0.663566 0.719953 0.674006
5 0.676070 0.658784 0.645889 0.664442
6 0.703455 0.530635 0.594411 0.420645
7 0.723712 0.472594 0.553673 0.317062
8 0.755168 0.394740 0.488461 0.189480
3 0.532730 0.353781 0.199834 0.213813
3 0.628455 0.325323 0.085036 0.103770
3 0.426433 0.265375 0.068491 0.077625
3 0.801398 0.300959 0.146545 0.130042
3 0.325371 0.249531 0.075742 0.095937
3 0.844239 0.231687 0.054103 0.022750
3 0.735908 0.254635 0.059316 0.046770
3 0.239381 0.233281 0.025638 0.025938
3 0.574623 0.247531 0.096120 0.063813
3 0.647070 0.257750 0.066014 0.056125
3 0.506869 0.232521 0.032488 0.030667
3 0.571905 0.228875 0.087559 0.045250
3 0.639664 0.663566 0.719953 0.674006
4 0.676070 0.658784 0.645889 0.664442
5 0.703455 0.530635 0.594411 0.420645
6 0.723712 0.472594 0.553673 0.317062
7 0.755168 0.394740 0.488461 0.189480
2 0.532730 0.353781 0.199834 0.213813
2 0.628455 0.325323 0.085036 0.103770
2 0.426433 0.265375 0.068491 0.077625
2 0.801398 0.300959 0.146545 0.130042
2 0.325371 0.249531 0.075742 0.095937
2 0.844239 0.231687 0.054103 0.022750
2 0.735908 0.254635 0.059316 0.046770
2 0.239381 0.233281 0.025638 0.025938
2 0.574623 0.247531 0.096120 0.063813
2 0.647070 0.257750 0.066014 0.056125
2 0.506869 0.232521 0.032488 0.030667
2 0.571905 0.228875 0.087559 0.045250
3 0.639664 0.663566 0.719953 0.674006
4 0.676070 0.658784 0.645889 0.664442
5 0.703455 0.530635 0.594411 0.420645
6 0.723712 0.472594 0.553673 0.317062
7 0.755168 0.394740 0.488461 0.189480
2 0.532730 0.353781 0.199834 0.213813
2 0.628455 0.325323 0.085036 0.103770
2 0.426433 0.265375 0.068491 0.077625
2 0.801398 0.300959 0.146545 0.130042
2 0.325371 0.249531 0.075742 0.095937
2 0.844239 0.231687 0.054103 0.022750
2 0.735908 0.254635 0.059316 0.046770
2 0.239381 0.233281 0.025638 0.025938
2 0.574623 0.247531 0.096120 0.063813
2 0.647070 0.257750 0.066014 0.056125
2 0.506869 0.232521 0.032488 0.030667
2 0.571905 0.228875 0.087559 0.045250
3 0.639664 0.663566 0.719953 0.674006
4 0.676070 0.658784 0.645889 0.664442
5 0.703455 0.530635 0.594411 0.420645
6 0.723712 0.472594 0.553673 0.317062
7 0.755168 0.394740 0.488461 0.189480
2 0.532730 0.353781 0.199834 0.213813
2 0.628455 0.325323 0.085036 0.103770
2 0.426433 0.265375 0.068491 0.077625
2 0.801398 0.300959 0.146545 0.130042
2 0.325371 0.249531 0.075742 0.095937
2 0.844239 0.231687 0.054103 0.022750
2 0.735908 0.254635 0.059316 0.046770
2 0.239381 0.233281 0.025638 0.025938
2 0.574623 0.247531 0.096120 0.063813
2 0.647070 0.257750 0.066014 0.056125
2 0.506869 0.232521 0.032488 0.030667
2 0.571905 0.228875 0.087559 0.045250
