3 0.6396640625 0.663565625 0.719953125 0.6740062499999999
4 0.67606953125 0.65878359375 0.6458890625 0.6644421875
5 0.70345546875 0.53063515625 0.5944109375 0.42064531250000003
6 0.72371171875 0.47259375 0.5536734375 0.31706249999999997
7 0.75516796875 0.39473984375 0.4884609375 0.1894796875
2 0.8955898437500001 0.28845859375 0.20367968749999998 0.19254218750000002
2 0.75800703125 0.25158359375 0.1347640625 0.1219171875
2 0.45152109375 0.23754140625 0.10304218750000001 0.1282078125
2 0.53141484375 0.23914609374999998 0.07532968749999999 0.0845421875
2 0.36605546875 0.21809374999999998 0.0477359375 0.0643125
2 0.327546875 0.21765625000000002 0.030093750000000002 0.0384375
2 0.29040703125 0.22285390624999998 0.0558140625 0.0550828125
3 0.6396640625 0.663565625 0.719953125 0.6740062499999999
4 0.67606953125 0.65878359375 0.6458890625 0.6644421875
5 0.70345546875 0.53063515625 0.5944109375 0.42064531250000003
6 0.72371171875 0.47259375 0.5536734375 0.31706249999999997
7 0.75516796875 0.39473984375 0.4884609375 0.1894796875
2 0.8955898437500001 0.28845859375 0.20367968749999998 0.19254218750000002
2 0.75800703125 0.25158359375 0.1347640625 0.1219171875
2 0.45152109375 0.23754140625 0.10304218750000001 0.1282078125
2 0.53141484375 0.23914609374999998 0.07532968749999999 0.0845421875
2 0.36605546875 0.21809374999999998 0.0477359375 0.0643125
2 0.327546875 0.21765625000000002 0.030093750000000002 0.0384375
2 0.29040703125 0.22285390624999998 0.0558140625 0.0550828125
3 0.639664 0.663566 0.719953 0.674006
4 0.676070 0.658784 0.645889 0.664442
5 0.703455 0.530635 0.594411 0.420645
6 0.723712 0.472594 0.553673 0.317062
7 0.755168 0.394740 0.488461 0.189480
2 0.895590 0.288459 0.203680 0.192542
2 0.758007 0.251584 0.134764 0.121917
2 0.451521 0.237541 0.103042 0.128208
2 0.531415 0.239146 0.075330 0.084542
2 0.366055 0.218094 0.047736 0.064312
2 0.327547 0.217656 0.030094 0.038437
2 0.290407 0.222854 0.055814 0.055083
3 0.639664 0.663566 0.719953 0.674006
4 0.676070 0.658784 0.645889 0.664442
5 0.703455 0.530635 0.594411 0.420645
6 0.723712 0.472594 0.553673 0.317062
7 0.755168 0.394740 0.488461 0.189480
2 0.895590 0.288459 0.203680 0.192542
2 0.758007 0.251584 0.134764 0.121917
2 0.451521 0.237541 0.103042 0.128208
2 0.531415 0.239146 0.075330 0.084542
2 0.366055 0.218094 0.047736 0.064312
2 0.327547 0.217656 0.030094 0.038437
2 0.290407 0.222854 0.055814 0.055083
4 0.639664 0.663566 0.719953 0.674006
5 0.676070 0.658784 0.645889 0.664442
6 0.703455 0.530635 0.594411 0.420645
7 0.723712 0.472594 0.553673 0.317062
8 0.755168 0.394740 0.488461 0.189480
3 0.895590 0.288459 0.203680 0.192542
3 0.758007 0.251584 0.134764 0.121917
3 0.451521 0.237541 0.103042 0.128208
3 0.531415 0.239146 0.075330 0.084542
3 0.366055 0.218094 0.047736 0.064312
3 0.327547 0.217656 0.030094 0.038437
3 0.290407 0.222854 0.055814 0.055083
3 0.639664 0.663566 0.719953 0.674006
4 0.676070 0.658784 0.645889 0.664442
5 0.703455 0.530635 0.594411 0.420645
6 0.723712 0.472594 0.553673 0.317062
7 0.755168 0.394740 0.488461 0.189480
2 0.895590 0.288459 0.203680 0.192542
2 0.758007 0.251584 0.134764 0.121917
2 0.451521 0.237541 0.103042 0.128208
2 0.531415 0.239146 0.075330 0.084542
2 0.366055 0.218094 0.047736 0.064312
2 0.327547 0.217656 0.030094 0.038437
2 0.290407 0.222854 0.055814 0.055083
3 0.639664 0.663566 0.719953 0.674006
4 0.676070 0.658784 0.645889 0.664442
5 0.703455 0.530635 0.594411 0.420645
6 0.723712 0.472594 0.553673 0.317062
7 0.755168 0.394740 0.488461 0.189480
2 0.895590 0.288459 0.203680 0.192542
2 0.758007 0.251584 0.134764 0.121917
2 0.451521 0.237541 0.103042 0.128208
2 0.531415 0.239146 0.075330 0.084542
2 0.366055 0.218094 0.047736 0.064312
2 0.327547 0.217656 0.030094 0.038437
2 0.290407 0.222854 0.055814 0.055083
3 0.639664 0.663566 0.719953 0.674006
4 0.676070 0.658784 0.645889 0.664442
5 0.703455 0.530635 0.594411 0.420645
6 0.723712 0.472594 0.553673 0.317062
7 0.755168 0.394740 0.488461 0.189480
2 0.895590 0.288459 0.203680 0.192542
2 0.758007 0.251584 0.134764 0.121917
2 0.451521 0.237541 0.103042 0.128208
2 0.531415 0.239146 0.075330 0.084542
2 0.366055 0.218094 0.047736 0.064312
2 0.327547 0.217656 0.030094 0.038437
2 0.290407 0.222854 0.055814 0.055083
