3 0.6396640625 0.663565625 0.719953125 0.6740062499999999
4 0.67606953125 0.65878359375 0.6458890625 0.6644421875
5 0.70345546875 0.53063515625 0.5944109375 0.42064531250000003
6 0.72371171875 0.47259375 0.5536734375 0.31706249999999997
7 0.75516796875 0.39473984375 0.4884609375 0.1894796875
2 0.6002125 0.29703124999999997 0.11605000000000001 0.1034375
2 0.40886171875 0.31580234375 0.1208484375 0.1441046875
2 0.893803125 0.40478125 0.20948125 0.3283125
2 0.84624375 0.30220859375 0.1956125 0.1825421875
2 0.30745859375 0.26732265625 0.0649171875 0.0721453125
2 0.5327124999999999 0.27722890625 0.05605 0.0669578125
2 0.46771250000000003 0.29520859375 0.05105 0.0654171875
2 0.45748828125 0.28179140625 0.0649765625 0.0917078125
3 0.6396640625 0.663565625 0.719953125 0.6740062499999999
4 0.67606953125 0.65878359375 0.6458890625 0.6644421875
5 0.70345546875 0.53063515625 0.5944109375 0.42064531250000003
6 0.72371171875 0.47259375 0.5536734375 0.31706249999999997
7 0.75516796875 0.39473984375 0.4884609375 0.1894796875
2 0.6002125 0.29703124999999997 0.11605000000000001 0.1034375
2 0.40886171875 0.31580234375 0.1208484375 0.1441046875
2 0.893803125 0.40478125 0.20948125 0.3283125
2 0.84624375 0.30220859375 0.1956125 0.1825421875
2 0.30745859375 0.26732265625 0.0649171875 0.0721453125
2 0.5327124999999999 0.27722890625 0.05605 0.0669578125
2 0.46771250000000003 0.29520859375 0.05105 0.0654171875
2 0.45748828125 0.28179140625 0.0649765625 0.0917078125
3 0.639664 0.663566 0.719953 0.674006
4 0.676070 0.658784 0.645889 0.664442
5 0.703455 0.530635 0.594411 0.420645
6 0.723712 0.472594 0.553673 0.317062
7 0.755168 0.394740 0.488461 0.189480
2 0.600213 0.297031 0.116050 0.103438
2 0.408862 0.315802 0.120848 0.144105
2 0.893803 0.404781 0.209481 0.328313
2 0.846244 0.302209 0.195612 0.182542
2 0.307459 0.267323 0.064917 0.072145
2 0.532712 0.277229 0.056050 0.066958
2 0.467713 0.295209 0.051050 0.065417
2 0.457488 0.281791 0.064977 0.091708
3 0.639664 0.663566 0.719953 0.674006
4 0.676070 0.658784 0.645889 0.664442
5 0.703455 0.530635 0.594411 0.420645
6 0.723712 0.472594 0.553673 0.317062
7 0.755168 0.394740 0.488461 0.189480
2 0.600213 0.297031 0.116050 0.103438
2 0.408862 0.315802 0.120848 0.144105
2 0.893803 0.404781 0.209481 0.328313
2 0.846244 0.302209 0.195612 0.182542
2 0.307459 0.267323 0.064917 0.072145
2 0.532712 0.277229 0.056050 0.066958
2 0.467713 0.295209 0.051050 0.065417
2 0.457488 0.281791 0.064977 0.091708
4 0.639664 0.663566 0.719953 0.674006
5 0.676070 0.658784 0.645889 0.664442
6 0.703455 0.530635 0.594411 0.420645
7 0.723712 0.472594 0.553673 0.317062
8 0.755168 0.394740 0.488461 0.189480
3 0.600213 0.297031 0.116050 0.103438
3 0.408862 0.315802 0.120848 0.144105
3 0.893803 0.404781 0.209481 0.328313
3 0.846244 0.302209 0.195612 0.182542
3 0.307459 0.267323 0.064917 0.072145
3 0.532712 0.277229 0.056050 0.066958
3 0.467713 0.295209 0.051050 0.065417
3 0.457488 0.281791 0.064977 0.091708
3 0.639664 0.663566 0.719953 0.674006
4 0.676070 0.658784 0.645889 0.664442
5 0.703455 0.530635 0.594411 0.420645
6 0.723712 0.472594 0.553673 0.317062
7 0.755168 0.394740 0.488461 0.189480
2 0.600213 0.297031 0.116050 0.103438
2 0.408862 0.315802 0.120848 0.144105
2 0.893803 0.404781 0.209481 0.328313
2 0.846244 0.302209 0.195612 0.182542
2 0.307459 0.267323 0.064917 0.072145
2 0.532712 0.277229 0.056050 0.066958
2 0.467713 0.295209 0.051050 0.065417
2 0.457488 0.281791 0.064977 0.091708
3 0.639664 0.663566 0.719953 0.674006
4 0.676070 0.658784 0.645889 0.664442
5 0.703455 0.530635 0.594411 0.420645
6 0.723712 0.472594 0.553673 0.317062
7 0.755168 0.394740 0.488461 0.189480
2 0.600213 0.297031 0.116050 0.103438
2 0.408862 0.315802 0.120848 0.144105
2 0.893803 0.404781 0.209481 0.328313
2 0.846244 0.302209 0.195612 0.182542
2 0.307459 0.267323 0.064917 0.072145
2 0.532712 0.277229 0.056050 0.066958
2 0.467713 0.295209 0.051050 0.065417
2 0.457488 0.281791 0.064977 0.091708
3 0.639664 0.663566 0.719953 0.674006
4 0.676070 0.658784 0.645889 0.664442
5 0.703455 0.530635 0.594411 0.420645
6 0.723712 0.472594 0.553673 0.317062
7 0.755168 0.394740 0.488461 0.189480
2 0.600213 0.297031 0.116050 0.103438
2 0.408862 0.315802 0.120848 0.144105
2 0.893803 0.404781 0.209481 0.328313
2 0.846244 0.302209 0.195612 0.182542
2 0.307459 0.267323 0.064917 0.072145
2 0.532712 0.277229 0.056050 0.066958
2 0.467713 0.295209 0.051050 0.065417
2 0.457488 0.281791 0.064977 0.091708
