3 0.6396640625 0.663565625 0.719953125 0.6740062499999999
4 0.67606953125 0.65878359375 0.6458890625 0.6644421875
5 0.70345546875 0.53063515625 0.5944109375 0.42064531250000003
6 0.72371171875 0.47259375 0.5536734375 0.31706249999999997
7 0.75516796875 0.39473984375 0.4884609375 0.1894796875
2 0.68490546875 0.40948984374999997 0.3385609375 0.3346046875
2 0.9114265625 0.32515625 0.175978125 0.1784375
2 0.8082078125000001 0.2455625 0.072665625 0.0505
2 0.45724609374999997 0.2694375 0.0738671875 0.08887500000000001
2 0.23506484374999997 0.23093750000000002 0.0263796875 0.027500000000000004
2 0.34540078125 0.26011484375 0.0814265625 0.1077296875
2 0.67524765625 0.25246874999999996 0.10987031249999998 0.0518125
2 0.4928421875 0.26577109375 0.035684375000000004 0.0534171875
2 0.60189296875 0.25904140625 0.0694109375 0.0555828125
2 0.53249375 0.258625 0.0462375 0.051625
2 0.2920640625 0.2419375 0.046628125 0.077625
2 0.75548359375 0.25176015625 0.0609671875 0.0535203125
3 0.6396640625 0.663565625 0.719953125 0.6740062499999999
4 0.67606953125 0.65878359375 0.6458890625 0.6644421875
5 0.70345546875 0.53063515625 0.5944109375 0.42064531250000003
6 0.72371171875 0.47259375 0.5536734375 0.31706249999999997
7 0.75516796875 0.39473984375 0.4884609375 0.1894796875
2 0.68490546875 0.40948984374999997 0.3385609375 0.3346046875
2 0.9114265625 0.32515625 0.175978125 0.1784375
2 0.8082078125000001 0.2455625 0.072665625 0.0505
2 0.45724609374999997 0.2694375 0.0738671875 0.08887500000000001
2 0.23506484374999997 0.23093750000000002 0.0263796875 0.027500000000000004
2 0.34540078125 0.26011484375 0.0814265625 0.1077296875
2 0.67524765625 0.25246874999999996 0.10987031249999998 0.0518125
2 0.4928421875 0.26577109375 0.035684375000000004 0.0534171875
2 0.60189296875 0.25904140625 0.0694109375 0.0555828125
2 0.53249375 0.258625 0.0462375 0.051625
2 0.2920640625 0.2419375 0.046628125 0.077625
2 0.75548359375 0.25176015625 0.0609671875 0.0535203125
3 0.639664 0.663566 0.719953 0.674006
4 0.676070 0.658784 0.645889 0.664442
5 0.703455 0.530635 0.594411 0.420645
6 0.723712 0.472594 0.553673 0.317062
7 0.755168 0.394740 0.488461 0.189480
2 0.684905 0.409490 0.338561 0.334605
2 0.911427 0.325156 0.175978 0.178437
2 0.808208 0.245562 0.072666 0.050500
2 0.457246 0.269437 0.073867 0.088875
2 0.235065 0.230938 0.026380 0.027500
2 0.345401 0.260115 0.081427 0.107730
2 0.675248 0.252469 0.109870 0.051812
2 0.492842 0.265771 0.035684 0.053417
2 0.601893 0.259041 0.069411 0.055583
2 0.532494 0.258625 0.046238 0.051625
2 0.292064 0.241937 0.046628 0.077625
2 0.755484 0.251760 0.060967 0.053520
3 0.639664 0.663566 0.719953 0.674006
4 0.676070 0.658784 0.645889 0.664442
5 0.703455 0.530635 0.594411 0.420645
6 0.723712 0.472594 0.553673 0.317062
7 0.755168 0.394740 0.488461 0.189480
2 0.684905 0.409490 0.338561 0.334605
2 0.911427 0.325156 0.175978 0.178437
2 0.808208 0.245562 0.072666 0.050500
2 0.457246 0.269437 0.073867 0.088875
2 0.235065 0.230938 0.026380 0.027500
2 0.345401 0.260115 0.081427 0.107730
2 0.675248 0.252469 0.109870 0.051812
2 0.492842 0.265771 0.035684 0.053417
2 0.601893 0.259041 0.069411 0.055583
2 0.532494 0.258625 0.046238 0.051625
2 0.292064 0.241937 0.046628 0.077625
2 0.755484 0.251760 0.060967 0.053520
4 0.639664 0.663566 0.719953 0.674006
5 0.676070 0.658784 0.645889 0.664442
6 0.703455 0.530635 0.594411 0.420645
7 0.723712 0.472594 0.553673 0.317062
8 0.755168 0.394740 0.488461 0.189480
3 0.684905 0.409490 0.338561 0.334605
3 0.911427 0.325156 0.175978 0.178437
3 0.808208 0.245562 0.072666 0.050500
3 0.457246 0.269437 0.073867 0.088875
3 0.235065 0.230938 0.026380 0.027500
3 0.345401 0.260115 0.081427 0.107730
3 0.675248 0.252469 0.109870 0.051812
3 0.492842 0.265771 0.035684 0.053417
3 0.601893 0.259041 0.069411 0.055583
3 0.532494 0.258625 0.046238 0.051625
3 0.292064 0.241937 0.046628 0.077625
3 0.755484 0.251760 0.060967 0.053520
3 0.639664 0.663566 0.719953 0.674006
4 0.676070 0.658784 0.645889 0.664442
5 0.703455 0.530635 0.594411 0.420645
6 0.723712 0.472594 0.553673 0.317062
7 0.755168 0.394740 0.488461 0.189480
2 0.684905 0.409490 0.338561 0.334605
2 0.911427 0.325156 0.175978 0.178437
2 0.808208 0.245562 0.072666 0.050500
2 0.457246 0.269437 0.073867 0.088875
2 0.235065 0.230938 0.026380 0.027500
2 0.345401 0.260115 0.081427 0.107730
2 0.675248 0.252469 0.109870 0.051812
2 0.492842 0.265771 0.035684 0.053417
2 0.601893 0.259041 0.069411 0.055583
2 0.532494 0.258625 0.046238 0.051625
2 0.292064 0.241937 0.046628 0.077625
2 0.755484 0.251760 0.060967 0.053520
3 0.639664 0.663566 0.719953 0.674006
4 0.676070 0.658784 0.645889 0.664442
5 0.703455 0.530635 0.594411 0.420645
6 0.723712 0.472594 0.553673 0.317062
7 0.755168 0.394740 0.488461 0.189480
2 0.684905 0.409490 0.338561 0.334605
2 0.911427 0.325156 0.175978 0.178437
2 0.808208 0.245562 0.072666 0.050500
2 0.457246 0.269437 0.073867 0.088875
2 0.235065 0.230938 0.026380 0.027500
2 0.345401 0.260115 0.081427 0.107730
2 0.675248 0.252469 0.109870 0.051812
2 0.492842 0.265771 0.035684 0.053417
2 0.601893 0.259041 0.069411 0.055583
2 0.532494 0.258625 0.046238 0.051625
2 0.292064 0.241937 0.046628 0.077625
2 0.755484 0.251760 0.060967 0.053520
3 0.639664 0.663566 0.719953 0.674006
4 0.676070 0.658784 0.645889 0.664442
5 0.703455 0.530635 0.594411 0.420645
6 0.723712 0.472594 0.553673 0.317062
7 0.755168 0.394740 0.488461 0.189480
2 0.684905 0.409490 0.338561 0.334605
2 0.911427 0.325156 0.175978 0.178437
2 0.808208 0.245562 0.072666 0.050500
2 0.457246 0.269437 0.073867 0.088875
2 0.235065 0.230938 0.026380 0.027500
2 0.345401 0.260115 0.081427 0.107730
2 0.675248 0.252469 0.109870 0.051812
2 0.492842 0.265771 0.035684 0.053417
2 0.601893 0.259041 0.069411 0.055583
2 0.532494 0.258625 0.046238 0.051625
2 0.292064 0.241937 0.046628 0.077625
2 0.755484 0.251760 0.060967 0.053520
