3 0.6396640625 0.663565625 0.719953125 0.6740062499999999
4 0.67606953125 0.65878359375 0.6458890625 0.6644421875
5 0.70345546875 0.53063515625 0.5944109375 0.42064531250000003
6 0.72371171875 0.47259375 0.5536734375 0.31706249999999997
7 0.75516796875 0.39473984375 0.4884609375 0.1894796875
2 0.50261171875 0.27661484375 0.11147343750000001 0.1126046875
2 0.38196953125 0.27047890625 0.1108140625 0.1409578125
2 0.8554718749999999 0.35025 0.28594375 0.234875
2 0.31272421875 0.24290625000000002 0.0566984375 0.0889375
2 0.234740625 0.22965624999999998 0.03198125 0.0280625
2 0.061798437500000004 0.2225 0.061096874999999995 0.045
2 0.725465625 0.26980234375 0.13843125 0.1396046875
3 0.6396640625 0.663565625 0.719953125 0.6740062499999999
4 0.67606953125 0.65878359375 0.6458890625 0.6644421875
5 0.70345546875 0.53063515625 0.5944109375 0.42064531250000003
6 0.72371171875 0.47259375 0.5536734375 0.31706249999999997
7 0.75516796875 0.39473984375 0.4884609375 0.1894796875
2 0.50261171875 0.27661484375 0.11147343750000001 0.1126046875
2 0.38196953125 0.27047890625 0.1108140625 0.1409578125
2 0.8554718749999999 0.35025 0.28594375 0.234875
2 0.31272421875 0.24290625000000002 0.0566984375 0.0889375
2 0.234740625 0.22965624999999998 0.03198125 0.0280625
2 0.061798437500000004 0.2225 0.061096874999999995 0.045
2 0.725465625 0.26980234375 0.13843125 0.1396046875
3 0.639664 0.663566 0.719953 0.674006
4 0.676070 0.658784 0.645889 0.664442
5 0.703455 0.530635 0.594411 0.420645
6 0.723712 0.472594 0.553673 0.317062
7 0.755168 0.394740 0.488461 0.189480
2 0.502612 0.276615 0.111473 0.112605
2 0.381970 0.270479 0.110814 0.140958
2 0.855472 0.350250 0.285944 0.234875
2 0.312724 0.242906 0.056698 0.088938
2 0.234741 0.229656 0.031981 0.028063
2 0.061798 0.222500 0.061097 0.045000
2 0.725466 0.269802 0.138431 0.139605
3 0.639664 0.663566 0.719953 0.674006
4 0.676070 0.658784 0.645889 0.664442
5 0.703455 0.530635 0.594411 0.420645
6 0.723712 0.472594 0.553673 0.317062
7 0.755168 0.394740 0.488461 0.189480
2 0.502612 0.276615 0.111473 0.112605
2 0.381970 0.270479 0.110814 0.140958
2 0.855472 0.350250 0.285944 0.234875
2 0.312724 0.242906 0.056698 0.088938
2 0.234741 0.229656 0.031981 0.028063
2 0.061798 0.222500 0.061097 0.045000
2 0.725466 0.269802 0.138431 0.139605
4 0.639664 0.663566 0.719953 0.674006
5 0.676070 0.658784 0.645889 0.664442
6 0.703455 0.530635 0.594411 0.420645
7 0.723712 0.472594 0.553673 0.317062
8 0.755168 0.394740 0.488461 0.189480
3 0.502612 0.276615 0.111473 0.112605
3 0.381970 0.270479 0.110814 0.140958
3 0.855472 0.350250 0.285944 0.234875
3 0.312724 0.242906 0.056698 0.088938
3 0.234741 0.229656 0.031981 0.028063
3 0.061798 0.222500 0.061097 0.045000
3 0.725466 0.269802 0.138431 0.139605
3 0.639664 0.663566 0.719953 0.674006
4 0.676070 0.658784 0.645889 0.664442
5 0.703455 0.530635 0.594411 0.420645
6 0.723712 0.472594 0.553673 0.317062
7 0.755168 0.394740 0.488461 0.189480
2 0.502612 0.276615 0.111473 0.112605
2 0.381970 0.270479 0.110814 0.140958
2 0.855472 0.350250 0.285944 0.234875
2 0.312724 0.242906 0.056698 0.088938
2 0.234741 0.229656 0.031981 0.028063
2 0.061798 0.222500 0.061097 0.045000
2 0.725466 0.269802 0.138431 0.139605
3 0.639664 0.663566 0.719953 0.674006
4 0.676070 0.658784 0.645889 0.664442
5 0.703455 0.530635 0.594411 0.420645
6 0.723712 0.472594 0.553673 0.317062
7 0.755168 0.394740 0.488461 0.189480
2 0.502612 0.276615 0.111473 0.112605
2 0.381970 0.270479 0.110814 0.140958
2 0.855472 0.350250 0.285944 0.234875
2 0.312724 0.242906 0.056698 0.088938
2 0.234741 0.229656 0.031981 0.028063
2 0.061798 0.222500 0.061097 0.045000
2 0.725466 0.269802 0.138431 0.139605
3 0.639664 0.663566 0.719953 0.674006
4 0.676070 0.658784 0.645889 0.664442
5 0.703455 0.530635 0.594411 0.420645
6 0.723712 0.472594 0.553673 0.317062
7 0.755168 0.394740 0.488461 0.189480
2 0.502612 0.276615 0.111473 0.112605
2 0.381970 0.270479 0.110814 0.140958
2 0.855472 0.350250 0.285944 0.234875
2 0.312724 0.242906 0.056698 0.088938
2 0.234741 0.229656 0.031981 0.028063
2 0.061798 0.222500 0.061097 0.045000
2 0.725466 0.269802 0.138431 0.139605
