3 0.6396640625 0.663565625 0.719953125 0.6740062499999999
4 0.67606953125 0.65878359375 0.6458890625 0.6644421875
5 0.70345546875 0.53063515625 0.5944109375 0.42064531250000003
6 0.72371171875 0.47259375 0.5536734375 0.31706249999999997
7 0.75516796875 0.39473984375 0.4884609375 0.1894796875
2 0.6664328125 0.27225 0.17974062500000001 0.172625
2 0.5229953125 0.29110390625 0.189740625 0.1947078125
2 0.383278125 0.21433359375 0.06968125 0.0849171875
2 0.905890625 0.25144765625 0.18678125 0.1810203125
2 0.27510625 0.21383359375 0.0345875 0.0401671875
2 0.31688125 0.20607265625 0.036887500000000004 0.0433953125
2 0.34225859375 0.20677109375000002 0.0313921875 0.054167187500000005
2 0.4554484375 0.21428124999999998 0.048396875 0.0566875
2 0.10313671875 0.21459375 0.0562734375 0.0354375
2 0.24705781249999997 0.20605234375 0.034740625000000004 0.0402296875
2 0.32818984375 0.20830234375 0.053254687499999995 0.054104687500000005
3 0.6396640625 0.663565625 0.719953125 0.6740062499999999
4 0.67606953125 0.65878359375 0.6458890625 0.6644421875
5 0.70345546875 0.53063515625 0.5944109375 0.42064531250000003
6 0.72371171875 0.47259375 0.5536734375 0.31706249999999997
7 0.75516796875 0.39473984375 0.4884609375 0.1894796875
2 0.6664328125 0.27225 0.17974062500000001 0.172625
2 0.5229953125 0.29110390625 0.189740625 0.1947078125
2 0.383278125 0.21433359375 0.06968125 0.0849171875
2 0.905890625 0.25144765625 0.18678125 0.1810203125
2 0.27510625 0.21383359375 0.0345875 0.0401671875
2 0.31688125 0.20607265625 0.036887500000000004 0.0433953125
2 0.34225859375 0.20677109375000002 0.0313921875 0.054167187500000005
2 0.4554484375 0.21428124999999998 0.048396875 0.0566875
2 0.10313671875 0.21459375 0.0562734375 0.0354375
2 0.24705781249999997 0.20605234375 0.034740625000000004 0.0402296875
2 0.32818984375 0.20830234375 0.053254687499999995 0.054104687500000005
3 0.639664 0.663566 0.719953 0.674006
4 0.676070 0.658784 0.645889 0.664442
5 0.703455 0.530635 0.594411 0.420645
6 0.723712 0.472594 0.553673 0.317062
7 0.755168 0.394740 0.488461 0.189480
2 0.666433 0.272250 0.179741 0.172625
2 0.522995 0.291104 0.189741 0.194708
2 0.383278 0.214334 0.069681 0.084917
2 0.905891 0.251448 0.186781 0.181020
2 0.275106 0.213834 0.034588 0.040167
2 0.316881 0.206073 0.036888 0.043395
2 0.342259 0.206771 0.031392 0.054167
2 0.455448 0.214281 0.048397 0.056688
2 0.103137 0.214594 0.056273 0.035437
2 0.247058 0.206052 0.034741 0.040230
2 0.328190 0.208302 0.053255 0.054105
3 0.639664 0.663566 0.719953 0.674006
4 0.676070 0.658784 0.645889 0.664442
5 0.703455 0.530635 0.594411 0.420645
6 0.723712 0.472594 0.553673 0.317062
7 0.755168 0.394740 0.488461 0.189480
2 0.666433 0.272250 0.179741 0.172625
2 0.522995 0.291104 0.189741 0.194708
2 0.383278 0.214334 0.069681 0.084917
2 0.905891 0.251448 0.186781 0.181020
2 0.275106 0.213834 0.034588 0.040167
2 0.316881 0.206073 0.036888 0.043395
2 0.342259 0.206771 0.031392 0.054167
2 0.455448 0.214281 0.048397 0.056688
2 0.103137 0.214594 0.056273 0.035437
2 0.247058 0.206052 0.034741 0.040230
2 0.328190 0.208302 0.053255 0.054105
4 0.639664 0.663566 0.719953 0.674006
5 0.676070 0.658784 0.645889 0.664442
6 0.703455 0.530635 0.594411 0.420645
7 0.723712 0.472594 0.553673 0.317062
8 0.755168 0.394740 0.488461 0.189480
3 0.666433 0.272250 0.179741 0.172625
3 0.522995 0.291104 0.189741 0.194708
3 0.383278 0.214334 0.069681 0.084917
3 0.905891 0.251448 0.186781 0.181020
3 0.275106 0.213834 0.034588 0.040167
3 0.316881 0.206073 0.036888 0.043395
3 0.342259 0.206771 0.031392 0.054167
3 0.455448 0.214281 0.048397 0.056688
3 0.103137 0.214594 0.056273 0.035437
3 0.247058 0.206052 0.034741 0.040230
3 0.328190 0.208302 0.053255 0.054105
3 0.639664 0.663566 0.719953 0.674006
4 0.676070 0.658784 0.645889 0.664442
5 0.703455 0.530635 0.594411 0.420645
6 0.723712 0.472594 0.553673 0.317062
7 0.755168 0.394740 0.488461 0.189480
2 0.666433 0.272250 0.179741 0.172625
2 0.522995 0.291104 0.189741 0.194708
2 0.383278 0.214334 0.069681 0.084917
2 0.905891 0.251448 0.186781 0.181020
2 0.275106 0.213834 0.034588 0.040167
2 0.316881 0.206073 0.036888 0.043395
2 0.342259 0.206771 0.031392 0.054167
2 0.455448 0.214281 0.048397 0.056688
2 0.103137 0.214594 0.056273 0.035437
2 0.247058 0.206052 0.034741 0.040230
2 0.328190 0.208302 0.053255 0.054105
3 0.639664 0.663566 0.719953 0.674006
4 0.676070 0.658784 0.645889 0.664442
5 0.703455 0.530635 0.594411 0.420645
6 0.723712 0.472594 0.553673 0.317062
7 0.755168 0.394740 0.488461 0.189480
2 0.666433 0.272250 0.179741 0.172625
2 0.522995 0.291104 0.189741 0.194708
2 0.383278 0.214334 0.069681 0.084917
2 0.905891 0.251448 0.186781 0.181020
2 0.275106 0.213834 0.034588 0.040167
2 0.316881 0.206073 0.036888 0.043395
2 0.342259 0.206771 0.031392 0.054167
2 0.455448 0.214281 0.048397 0.056688
2 0.103137 0.214594 0.056273 0.035437
2 0.247058 0.206052 0.034741 0.040230
2 0.328190 0.208302 0.053255 0.054105
3 0.639664 0.663566 0.719953 0.674006
4 0.676070 0.658784 0.645889 0.664442
5 0.703455 0.530635 0.594411 0.420645
6 0.723712 0.472594 0.553673 0.317062
7 0.755168 0.394740 0.488461 0.189480
2 0.666433 0.272250 0.179741 0.172625
2 0.522995 0.291104 0.189741 0.194708
2 0.383278 0.214334 0.069681 0.084917
2 0.905891 0.251448 0.186781 0.181020
2 0.275106 0.213834 0.034588 0.040167
2 0.316881 0.206073 0.036888 0.043395
2 0.342259 0.206771 0.031392 0.054167
2 0.455448 0.214281 0.048397 0.056688
2 0.103137 0.214594 0.056273 0.035437
2 0.247058 0.206052 0.034741 0.040230
2 0.328190 0.208302 0.053255 0.054105
