3 0.6396640625 0.663565625 0.719953125 0.6740062499999999
4 0.67606953125 0.65878359375 0.6458890625 0.6644421875
5 0.70345546875 0.53063515625 0.5944109375 0.42064531250000003
6 0.72371171875 0.47455625 0.5536734375 0.31161249999999996
7 0.7510625 0.44572031249999994 0.499 0.235190625
2 0.48685703125 0.29518750000000005 0.0768390625 0.06225000000000001
2 0.36042421875 0.29757265625 0.0427234375 0.057645312500000004
2 0.41035390625 0.29865624999999996 0.0394578125 0.0473125
2 0.2922875 0.30234375 0.04395 0.0421875
2 0.98042421875 0.28915625 0.0389734375 0.0470625
2 0.08662734375 0.29001015625000004 0.057629687500000006 0.042520312500000004
2 0.32218125 0.29953124999999997 0.0318625 0.0365625
2 0.9814328124999999 0.29282265625 0.031615625 0.0418953125
2 0.34440468750000003 0.2986875 0.066934375 0.053625
2 0.4041453125 0.29782265625000004 0.05204062499999999 0.0550203125
2 0.51688671875 0.30126015625 0.0243984375 0.033770312499999997
3 0.6396640625 0.663565625 0.719953125 0.6740062499999999
4 0.67606953125 0.65878359375 0.6458890625 0.6644421875
5 0.70345546875 0.53063515625 0.5944109375 0.42064531250000003
6 0.72371171875 0.47455625 0.5536734375 0.31161249999999996
7 0.7510625 0.44572031249999994 0.499 0.235190625
2 0.48685703125 0.29518750000000005 0.0768390625 0.06225000000000001
2 0.36042421875 0.29757265625 0.0427234375 0.057645312500000004
2 0.41035390625 0.29865624999999996 0.0394578125 0.0473125
2 0.2922875 0.30234375 0.04395 0.0421875
2 0.98042421875 0.28915625 0.0389734375 0.0470625
2 0.08662734375 0.29001015625000004 0.057629687500000006 0.042520312500000004
2 0.32218125 0.29953124999999997 0.0318625 0.0365625
2 0.9814328124999999 0.29282265625 0.031615625 0.0418953125
2 0.34440468750000003 0.2986875 0.066934375 0.053625
2 0.4041453125 0.29782265625000004 0.05204062499999999 0.0550203125
2 0.51688671875 0.30126015625 0.0243984375 0.033770312499999997
3 0.639664 0.663566 0.719953 0.674006
4 0.676070 0.658784 0.645889 0.664442
5 0.703455 0.530635 0.594411 0.420645
6 0.723712 0.474556 0.553673 0.311612
7 0.751062 0.445720 0.499000 0.235191
2 0.486857 0.295188 0.076839 0.062250
2 0.360424 0.297573 0.042723 0.057645
2 0.410354 0.298656 0.039458 0.047313
2 0.292287 0.302344 0.043950 0.042188
2 0.980424 0.289156 0.038973 0.047063
2 0.086627 0.290010 0.057630 0.042520
2 0.322181 0.299531 0.031863 0.036562
2 0.981433 0.292823 0.031616 0.041895
2 0.344405 0.298687 0.066934 0.053625
2 0.404145 0.297823 0.052041 0.055020
2 0.516887 0.301260 0.024398 0.033770
3 0.639664 0.663566 0.719953 0.674006
4 0.676070 0.658784 0.645889 0.664442
5 0.703455 0.530635 0.594411 0.420645
6 0.723712 0.474556 0.553673 0.311612
7 0.751062 0.445720 0.499000 0.235191
2 0.486857 0.295188 0.076839 0.062250
2 0.360424 0.297573 0.042723 0.057645
2 0.410354 0.298656 0.039458 0.047313
2 0.292287 0.302344 0.043950 0.042188
2 0.980424 0.289156 0.038973 0.047063
2 0.086627 0.290010 0.057630 0.042520
2 0.322181 0.299531 0.031863 0.036562
2 0.981433 0.292823 0.031616 0.041895
2 0.344405 0.298687 0.066934 0.053625
2 0.404145 0.297823 0.052041 0.055020
2 0.516887 0.301260 0.024398 0.033770
4 0.639664 0.663566 0.719953 0.674006
5 0.676070 0.658784 0.645889 0.664442
6 0.703455 0.530635 0.594411 0.420645
7 0.723712 0.474556 0.553673 0.311612
8 0.751062 0.445720 0.499000 0.235191
3 0.486857 0.295188 0.076839 0.062250
3 0.360424 0.297573 0.042723 0.057645
3 0.410354 0.298656 0.039458 0.047313
3 0.292287 0.302344 0.043950 0.042188
3 0.980424 0.289156 0.038973 0.047063
3 0.086627 0.290010 0.057630 0.042520
3 0.322181 0.299531 0.031863 0.036562
3 0.981433 0.292823 0.031616 0.041895
3 0.344405 0.298687 0.066934 0.053625
3 0.404145 0.297823 0.052041 0.055020
3 0.516887 0.301260 0.024398 0.033770
3 0.639664 0.663566 0.719953 0.674006
4 0.676070 0.658784 0.645889 0.664442
5 0.703455 0.530635 0.594411 0.420645
6 0.723712 0.474556 0.553673 0.311612
7 0.751062 0.445720 0.499000 0.235191
2 0.486857 0.295188 0.076839 0.062250
2 0.360424 0.297573 0.042723 0.057645
2 0.410354 0.298656 0.039458 0.047313
2 0.292287 0.302344 0.043950 0.042188
2 0.980424 0.289156 0.038973 0.047063
2 0.086627 0.290010 0.057630 0.042520
2 0.322181 0.299531 0.031863 0.036562
2 0.981433 0.292823 0.031616 0.041895
2 0.344405 0.298687 0.066934 0.053625
2 0.404145 0.297823 0.052041 0.055020
2 0.516887 0.301260 0.024398 0.033770
3 0.639664 0.663566 0.719953 0.674006
4 0.676070 0.658784 0.645889 0.664442
5 0.703455 0.530635 0.594411 0.420645
6 0.723712 0.474556 0.553673 0.311612
7 0.751062 0.445720 0.499000 0.235191
2 0.486857 0.295188 0.076839 0.062250
2 0.360424 0.297573 0.042723 0.057645
2 0.410354 0.298656 0.039458 0.047313
2 0.292287 0.302344 0.043950 0.042188
2 0.980424 0.289156 0.038973 0.047063
2 0.086627 0.290010 0.057630 0.042520
2 0.322181 0.299531 0.031863 0.036562
2 0.981433 0.292823 0.031616 0.041895
2 0.344405 0.298687 0.066934 0.053625
2 0.404145 0.297823 0.052041 0.055020
2 0.516887 0.301260 0.024398 0.033770
3 0.639664 0.663566 0.719953 0.674006
4 0.676070 0.658784 0.645889 0.664442
5 0.703455 0.530635 0.594411 0.420645
6 0.723712 0.474556 0.553673 0.311612
7 0.751062 0.445720 0.499000 0.235191
2 0.486857 0.295188 0.076839 0.062250
2 0.360424 0.297573 0.042723 0.057645
2 0.410354 0.298656 0.039458 0.047313
2 0.292287 0.302344 0.043950 0.042188
2 0.980424 0.289156 0.038973 0.047063
2 0.086627 0.290010 0.057630 0.042520
2 0.322181 0.299531 0.031863 0.036562
2 0.981433 0.292823 0.031616 0.041895
2 0.344405 0.298687 0.066934 0.053625
2 0.404145 0.297823 0.052041 0.055020
2 0.516887 0.301260 0.024398 0.033770
