3 0.6396640625 0.663565625 0.719953125 0.6740062499999999
4 0.67606953125 0.65878359375 0.6458890625 0.6644421875
5 0.70345546875 0.53063515625 0.5944109375 0.42064531250000003
6 0.72371171875 0.47259375 0.5536734375 0.31706249999999997
7 0.75516796875 0.39473984375 0.4884609375 0.1894796875
2 0.42373828125 0.2631875 0.1381015625 0.170125
2 0.52149765625 0.25101015625 0.1054953125 0.13327031250000002
2 0.77 0.30890625 0.23374999999999999 0.1834375
2 0.260159375 0.22071875 0.03281875 0.0414375
2 0.3409671875 0.22777109375000001 0.044434375 0.0492921875
2 0.7772523437500001 0.20201015625 0.1201296875 0.0415203125
2 0.0587796875 0.21679140624999998 0.055059375 0.049207812499999996
2 0.22770078124999998 0.21427109375 0.021026562500000002 0.022292187499999998
2 0.314840625 0.22149999999999997 0.02030625 0.039875
2 0.9033312499999999 0.20728125 0.0410375 0.0301875
3 0.6396640625 0.663565625 0.719953125 0.6740062499999999
4 0.67606953125 0.65878359375 0.6458890625 0.6644421875
5 0.70345546875 0.53063515625 0.5944109375 0.42064531250000003
6 0.72371171875 0.47259375 0.5536734375 0.31706249999999997
7 0.75516796875 0.39473984375 0.4884609375 0.1894796875
2 0.42373828125 0.2631875 0.1381015625 0.170125
2 0.52149765625 0.25101015625 0.1054953125 0.13327031250000002
2 0.77 0.30890625 0.23374999999999999 0.1834375
2 0.260159375 0.22071875 0.03281875 0.0414375
2 0.3409671875 0.22777109375000001 0.044434375 0.0492921875
2 0.7772523437500001 0.20201015625 0.1201296875 0.0415203125
2 0.0587796875 0.21679140624999998 0.055059375 0.049207812499999996
2 0.22770078124999998 0.21427109375 0.021026562500000002 0.022292187499999998
2 0.314840625 0.22149999999999997 0.02030625 0.039875
2 0.9033312499999999 0.20728125 0.0410375 0.0301875
3 0.639664 0.663566 0.719953 0.674006
4 0.676070 0.658784 0.645889 0.664442
5 0.703455 0.530635 0.594411 0.420645
6 0.723712 0.472594 0.553673 0.317062
7 0.755168 0.394740 0.488461 0.189480
2 0.423738 0.263188 0.138102 0.170125
2 0.521498 0.251010 0.105495 0.133270
2 0.770000 0.308906 0.233750 0.183438
2 0.260159 0.220719 0.032819 0.041438
2 0.340967 0.227771 0.044434 0.049292
2 0.777252 0.202010 0.120130 0.041520
2 0.058780 0.216791 0.055059 0.049208
2 0.227701 0.214271 0.021027 0.022292
2 0.314841 0.221500 0.020306 0.039875
2 0.903331 0.207281 0.041037 0.030187
3 0.639664 0.663566 0.719953 0.674006
4 0.676070 0.658784 0.645889 0.664442
5 0.703455 0.530635 0.594411 0.420645
6 0.723712 0.472594 0.553673 0.317062
7 0.755168 0.394740 0.488461 0.189480
2 0.423738 0.263188 0.138102 0.170125
2 0.521498 0.251010 0.105495 0.133270
2 0.770000 0.308906 0.233750 0.183438
2 0.260159 0.220719 0.032819 0.041438
2 0.340967 0.227771 0.044434 0.049292
2 0.777252 0.202010 0.120130 0.041520
2 0.058780 0.216791 0.055059 0.049208
2 0.227701 0.214271 0.021027 0.022292
2 0.314841 0.221500 0.020306 0.039875
2 0.903331 0.207281 0.041037 0.030187
4 0.639664 0.663566 0.719953 0.674006
5 0.676070 0.658784 0.645889 0.664442
6 0.703455 0.530635 0.594411 0.420645
7 0.723712 0.472594 0.553673 0.317062
8 0.755168 0.394740 0.488461 0.189480
3 0.423738 0.263188 0.138102 0.170125
3 0.521498 0.251010 0.105495 0.133270
3 0.770000 0.308906 0.233750 0.183438
3 0.260159 0.220719 0.032819 0.041438
3 0.340967 0.227771 0.044434 0.049292
3 0.777252 0.202010 0.120130 0.041520
3 0.058780 0.216791 0.055059 0.049208
3 0.227701 0.214271 0.021027 0.022292
3 0.314841 0.221500 0.020306 0.039875
3 0.903331 0.207281 0.041037 0.030187
3 0.639664 0.663566 0.719953 0.674006
4 0.676070 0.658784 0.645889 0.664442
5 0.703455 0.530635 0.594411 0.420645
6 0.723712 0.472594 0.553673 0.317062
7 0.755168 0.394740 0.488461 0.189480
2 0.423738 0.263188 0.138102 0.170125
2 0.521498 0.251010 0.105495 0.133270
2 0.770000 0.308906 0.233750 0.183438
2 0.260159 0.220719 0.032819 0.041438
2 0.340967 0.227771 0.044434 0.049292
2 0.777252 0.202010 0.120130 0.041520
2 0.058780 0.216791 0.055059 0.049208
2 0.227701 0.214271 0.021027 0.022292
2 0.314841 0.221500 0.020306 0.039875
2 0.903331 0.207281 0.041037 0.030187
3 0.639664 0.663566 0.719953 0.674006
4 0.676070 0.658784 0.645889 0.664442
5 0.703455 0.530635 0.594411 0.420645
6 0.723712 0.472594 0.553673 0.317062
7 0.755168 0.394740 0.488461 0.189480
2 0.423738 0.263188 0.138102 0.170125
2 0.521498 0.251010 0.105495 0.133270
2 0.770000 0.308906 0.233750 0.183438
2 0.260159 0.220719 0.032819 0.041438
2 0.340967 0.227771 0.044434 0.049292
2 0.777252 0.202010 0.120130 0.041520
2 0.058780 0.216791 0.055059 0.049208
2 0.227701 0.214271 0.021027 0.022292
2 0.314841 0.221500 0.020306 0.039875
2 0.903331 0.207281 0.041037 0.030187
3 0.639664 0.663566 0.719953 0.674006
4 0.676070 0.658784 0.645889 0.664442
5 0.703455 0.530635 0.594411 0.420645
6 0.723712 0.472594 0.553673 0.317062
7 0.755168 0.394740 0.488461 0.189480
2 0.423738 0.263188 0.138102 0.170125
2 0.521498 0.251010 0.105495 0.133270
2 0.770000 0.308906 0.233750 0.183438
2 0.260159 0.220719 0.032819 0.041438
2 0.340967 0.227771 0.044434 0.049292
2 0.777252 0.202010 0.120130 0.041520
2 0.058780 0.216791 0.055059 0.049208
2 0.227701 0.214271 0.021027 0.022292
2 0.314841 0.221500 0.020306 0.039875
2 0.903331 0.207281 0.041037 0.030187
