3 0.6396640625 0.663565625 0.719953125 0.6740062499999999
4 0.67606953125 0.65878359375 0.6458890625 0.6644421875
5 0.70345546875 0.53063515625 0.5944109375 0.42064531250000003
6 0.72371171875 0.47455625 0.5536734375 0.31161249999999996
7 0.7510625 0.44572031249999994 0.499 0.235190625
2 0.40865546875 0.29605234375 0.0329359375 0.0389796875
2 0.36828984375 0.29754140625000003 0.0365796875 0.0388328125
2 0.5089742187499999 0.29372890625000003 0.046073437499999995 0.0437078125
2 0.31094921875 0.29535390625 0.0406484375 0.0407078125
2 0.45909765625 0.29245859375 0.0400703125 0.0474171875
3 0.6396640625 0.663565625 0.719953125 0.6740062499999999
4 0.67606953125 0.65878359375 0.6458890625 0.6644421875
5 0.70345546875 0.53063515625 0.5944109375 0.42064531250000003
6 0.72371171875 0.47455625 0.5536734375 0.31161249999999996
7 0.7510625 0.44572031249999994 0.499 0.235190625
2 0.40865546875 0.29605234375 0.0329359375 0.0389796875
2 0.36828984375 0.29754140625000003 0.0365796875 0.0388328125
2 0.5089742187499999 0.29372890625000003 0.046073437499999995 0.0437078125
2 0.31094921875 0.29535390625 0.0406484375 0.0407078125
2 0.45909765625 0.29245859375 0.0400703125 0.0474171875
3 0.639664 0.663566 0.719953 0.674006
4 0.676070 0.658784 0.645889 0.664442
5 0.703455 0.530635 0.594411 0.420645
6 0.723712 0.474556 0.553673 0.311612
7 0.751062 0.445720 0.499000 0.235191
2 0.408655 0.296052 0.032936 0.038980
2 0.368290 0.297541 0.036580 0.038833
2 0.508974 0.293729 0.046073 0.043708
2 0.310949 0.295354 0.040648 0.040708
2 0.459098 0.292459 0.040070 0.047417
3 0.639664 0.663566 0.719953 0.674006
4 0.676070 0.658784 0.645889 0.664442
5 0.703455 0.530635 0.594411 0.420645
6 0.723712 0.474556 0.553673 0.311612
7 0.751062 0.445720 0.499000 0.235191
2 0.408655 0.296052 0.032936 0.038980
2 0.368290 0.297541 0.036580 0.038833
2 0.508974 0.293729 0.046073 0.043708
2 0.310949 0.295354 0.040648 0.040708
2 0.459098 0.292459 0.040070 0.047417
4 0.639664 0.663566 0.719953 0.674006
5 0.676070 0.658784 0.645889 0.664442
6 0.703455 0.530635 0.594411 0.420645
7 0.723712 0.474556 0.553673 0.311612
8 0.751062 0.445720 0.499000 0.235191
3 0.408655 0.296052 0.032936 0.038980
3 0.368290 0.297541 0.036580 0.038833
3 0.508974 0.293729 0.046073 0.043708
3 0.310949 0.295354 0.040648 0.040708
3 0.459098 0.292459 0.040070 0.047417
3 0.639664 0.663566 0.719953 0.674006
4 0.676070 0.658784 0.645889 0.664442
5 0.703455 0.530635 0.594411 0.420645
6 0.723712 0.474556 0.553673 0.311612
7 0.751062 0.445720 0.499000 0.235191
2 0.408655 0.296052 0.032936 0.038980
2 0.368290 0.297541 0.036580 0.038833
2 0.508974 0.293729 0.046073 0.043708
2 0.310949 0.295354 0.040648 0.040708
2 0.459098 0.292459 0.040070 0.047417
3 0.639664 0.663566 0.719953 0.674006
4 0.676070 0.658784 0.645889 0.664442
5 0.703455 0.530635 0.594411 0.420645
6 0.723712 0.474556 0.553673 0.311612
7 0.751062 0.445720 0.499000 0.235191
2 0.408655 0.296052 0.032936 0.038980
2 0.368290 0.297541 0.036580 0.038833
2 0.508974 0.293729 0.046073 0.043708
2 0.310949 0.295354 0.040648 0.040708
2 0.459098 0.292459 0.040070 0.047417
3 0.639664 0.663566 0.719953 0.674006
4 0.676070 0.658784 0.645889 0.664442
5 0.703455 0.530635 0.594411 0.420645
6 0.723712 0.474556 0.553673 0.311612
7 0.751062 0.445720 0.499000 0.235191
2 0.408655 0.296052 0.032936 0.038980
2 0.368290 0.297541 0.036580 0.038833
2 0.508974 0.293729 0.046073 0.043708
2 0.310949 0.295354 0.040648 0.040708
2 0.459098 0.292459 0.040070 0.047417
