3 0.6396640625 0.663565625 0.719953125 0.6740062499999999
4 0.67606953125 0.65878359375 0.6458890625 0.6644421875
5 0.70345546875 0.53063515625 0.5944109375 0.42064531250000003
6 0.72371171875 0.47259375 0.5536734375 0.31706249999999997
7 0.75516796875 0.39473984375 0.4884609375 0.1894796875
2 0.707140625 0.32530234375 0.23303124999999997 0.2099796875
2 0.52186875 0.27028125 0.10311250000000001 0.10931249999999999
2 0.37391484375 0.26984375 0.09157968749999999 0.1053125
2 0.4591390625 0.24540625 0.033903125 0.0376875
2 0.2787265625 0.22961484375 0.041828125 0.0498546875
3 0.6396640625 0.663565625 0.719953125 0.6740062499999999
4 0.67606953125 0.65878359375 0.6458890625 0.6644421875
5 0.70345546875 0.53063515625 0.5944109375 0.42064531250000003
6 0.72371171875 0.47259375 0.5536734375 0.31706249999999997
7 0.75516796875 0.39473984375 0.4884609375 0.1894796875
2 0.707140625 0.32530234375 0.23303124999999997 0.2099796875
2 0.52186875 0.27028125 0.10311250000000001 0.10931249999999999
2 0.37391484375 0.26984375 0.09157968749999999 0.1053125
2 0.4591390625 0.24540625 0.033903125 0.0376875
2 0.2787265625 0.22961484375 0.041828125 0.0498546875
3 0.639664 0.663566 0.719953 0.674006
4 0.676070 0.658784 0.645889 0.664442
5 0.703455 0.530635 0.594411 0.420645
6 0.723712 0.472594 0.553673 0.317062
7 0.755168 0.394740 0.488461 0.189480
2 0.707141 0.325302 0.233031 0.209980
2 0.521869 0.270281 0.103113 0.109312
2 0.373915 0.269844 0.091580 0.105313
2 0.459139 0.245406 0.033903 0.037687
2 0.278727 0.229615 0.041828 0.049855
3 0.639664 0.663566 0.719953 0.674006
4 0.676070 0.658784 0.645889 0.664442
5 0.703455 0.530635 0.594411 0.420645
6 0.723712 0.472594 0.553673 0.317062
7 0.755168 0.394740 0.488461 0.189480
2 0.707141 0.325302 0.233031 0.209980
2 0.521869 0.270281 0.103113 0.109312
2 0.373915 0.269844 0.091580 0.105313
2 0.459139 0.245406 0.033903 0.037687
2 0.278727 0.229615 0.041828 0.049855
4 0.639664 0.663566 0.719953 0.674006
5 0.676070 0.658784 0.645889 0.664442
6 0.703455 0.530635 0.594411 0.420645
7 0.723712 0.472594 0.553673 0.317062
8 0.755168 0.394740 0.488461 0.189480
3 0.707141 0.325302 0.233031 0.209980
3 0.521869 0.270281 0.103113 0.109312
3 0.373915 0.269844 0.091580 0.105313
3 0.459139 0.245406 0.033903 0.037687
3 0.278727 0.229615 0.041828 0.049855
3 0.639664 0.663566 0.719953 0.674006
4 0.676070 0.658784 0.645889 0.664442
5 0.703455 0.530635 0.594411 0.420645
6 0.723712 0.472594 0.553673 0.317062
7 0.755168 0.394740 0.488461 0.189480
2 0.707141 0.325302 0.233031 0.209980
2 0.521869 0.270281 0.103113 0.109312
2 0.373915 0.269844 0.091580 0.105313
2 0.459139 0.245406 0.033903 0.037687
2 0.278727 0.229615 0.041828 0.049855
3 0.639664 0.663566 0.719953 0.674006
4 0.676070 0.658784 0.645889 0.664442
5 0.703455 0.530635 0.594411 0.420645
6 0.723712 0.472594 0.553673 0.317062
7 0.755168 0.394740 0.488461 0.189480
2 0.707141 0.325302 0.233031 0.209980
2 0.521869 0.270281 0.103113 0.109312
2 0.373915 0.269844 0.091580 0.105313
2 0.459139 0.245406 0.033903 0.037687
2 0.278727 0.229615 0.041828 0.049855
3 0.639664 0.663566 0.719953 0.674006
4 0.676070 0.658784 0.645889 0.664442
5 0.703455 0.530635 0.594411 0.420645
6 0.723712 0.472594 0.553673 0.317062
7 0.755168 0.394740 0.488461 0.189480
2 0.707141 0.325302 0.233031 0.209980
2 0.521869 0.270281 0.103113 0.109312
2 0.373915 0.269844 0.091580 0.105313
2 0.459139 0.245406 0.033903 0.037687
2 0.278727 0.229615 0.041828 0.049855
