3 0.6396640625 0.663565625 0.719953125 0.6740062499999999
4 0.67606953125 0.65878359375 0.6458890625 0.6644421875
5 0.70345546875 0.53063515625 0.5944109375 0.42064531250000003
6 0.72371171875 0.47259375 0.5536734375 0.31706249999999997
7 0.75516796875 0.39473984375 0.4884609375 0.1894796875
2 0.6167515625 0.26605234375000003 0.152253125 0.1414796875
2 0.48774140624999995 0.27738515625 0.1598578125 0.1703953125
2 0.671403125 0.23786484375 0.09280625 0.1038546875
2 0.37426875000000004 0.21090625 0.0610375 0.0811875
2 0.2723703125 0.21496875000000001 0.032240625 0.0361875
2 0.31087890625000003 0.20472890625 0.0280078125 0.034457812500000004
2 0.8639796875 0.22252109375 0.156084375 0.1200421875
2 0.8946109375000001 0.33311484375 0.21109687500000002 0.2849796875
2 0.10569609375 0.2145625 0.0488921875 0.03225
2 0.24369140625000002 0.20532265624999999 0.0342578125 0.0356453125
2 0.33334296874999997 0.20729140624999998 0.0291859375 0.0520828125
3 0.6396640625 0.663565625 0.719953125 0.6740062499999999
4 0.67606953125 0.65878359375 0.6458890625 0.6644421875
5 0.70345546875 0.53063515625 0.5944109375 0.42064531250000003
6 0.72371171875 0.47259375 0.5536734375 0.31706249999999997
7 0.75516796875 0.39473984375 0.4884609375 0.1894796875
2 0.6167515625 0.26605234375000003 0.152253125 0.1414796875
2 0.48774140624999995 0.27738515625 0.1598578125 0.1703953125
2 0.671403125 0.23786484375 0.09280625 0.1038546875
2 0.37426875000000004 0.21090625 0.0610375 0.0811875
2 0.2723703125 0.21496875000000001 0.032240625 0.0361875
2 0.31087890625000003 0.20472890625 0.0280078125 0.034457812500000004
2 0.8639796875 0.22252109375 0.156084375 0.1200421875
2 0.8946109375000001 0.33311484375 0.21109687500000002 0.2849796875
2 0.10569609375 0.2145625 0.0488921875 0.03225
2 0.24369140625000002 0.20532265624999999 0.0342578125 0.0356453125
2 0.33334296874999997 0.20729140624999998 0.0291859375 0.0520828125
3 0.639664 0.663566 0.719953 0.674006
4 0.676070 0.658784 0.645889 0.664442
5 0.703455 0.530635 0.594411 0.420645
6 0.723712 0.472594 0.553673 0.317062
7 0.755168 0.394740 0.488461 0.189480
2 0.616752 0.266052 0.152253 0.141480
2 0.487741 0.277385 0.159858 0.170395
2 0.671403 0.237865 0.092806 0.103855
2 0.374269 0.210906 0.061038 0.081187
2 0.272370 0.214969 0.032241 0.036187
2 0.310879 0.204729 0.028008 0.034458
2 0.863980 0.222521 0.156084 0.120042
2 0.894611 0.333115 0.211097 0.284980
2 0.105696 0.214562 0.048892 0.032250
2 0.243691 0.205323 0.034258 0.035645
2 0.333343 0.207291 0.029186 0.052083
3 0.639664 0.663566 0.719953 0.674006
4 0.676070 0.658784 0.645889 0.664442
5 0.703455 0.530635 0.594411 0.420645
6 0.723712 0.472594 0.553673 0.317062
7 0.755168 0.394740 0.488461 0.189480
2 0.616752 0.266052 0.152253 0.141480
2 0.487741 0.277385 0.159858 0.170395
2 0.671403 0.237865 0.092806 0.103855
2 0.374269 0.210906 0.061038 0.081187
2 0.272370 0.214969 0.032241 0.036187
2 0.310879 0.204729 0.028008 0.034458
2 0.863980 0.222521 0.156084 0.120042
2 0.894611 0.333115 0.211097 0.284980
2 0.105696 0.214562 0.048892 0.032250
2 0.243691 0.205323 0.034258 0.035645
2 0.333343 0.207291 0.029186 0.052083
4 0.639664 0.663566 0.719953 0.674006
5 0.676070 0.658784 0.645889 0.664442
6 0.703455 0.530635 0.594411 0.420645
7 0.723712 0.472594 0.553673 0.317062
8 0.755168 0.394740 0.488461 0.189480
3 0.616752 0.266052 0.152253 0.141480
3 0.487741 0.277385 0.159858 0.170395
3 0.671403 0.237865 0.092806 0.103855
3 0.374269 0.210906 0.061038 0.081187
3 0.272370 0.214969 0.032241 0.036187
3 0.310879 0.204729 0.028008 0.034458
3 0.863980 0.222521 0.156084 0.120042
3 0.894611 0.333115 0.211097 0.284980
3 0.105696 0.214562 0.048892 0.032250
3 0.243691 0.205323 0.034258 0.035645
3 0.333343 0.207291 0.029186 0.052083
3 0.639664 0.663566 0.719953 0.674006
4 0.676070 0.658784 0.645889 0.664442
5 0.703455 0.530635 0.594411 0.420645
6 0.723712 0.472594 0.553673 0.317062
7 0.755168 0.394740 0.488461 0.189480
2 0.616752 0.266052 0.152253 0.141480
2 0.487741 0.277385 0.159858 0.170395
2 0.671403 0.237865 0.092806 0.103855
2 0.374269 0.210906 0.061038 0.081187
2 0.272370 0.214969 0.032241 0.036187
2 0.310879 0.204729 0.028008 0.034458
2 0.863980 0.222521 0.156084 0.120042
2 0.894611 0.333115 0.211097 0.284980
2 0.105696 0.214562 0.048892 0.032250
2 0.243691 0.205323 0.034258 0.035645
2 0.333343 0.207291 0.029186 0.052083
3 0.639664 0.663566 0.719953 0.674006
4 0.676070 0.658784 0.645889 0.664442
5 0.703455 0.530635 0.594411 0.420645
6 0.723712 0.472594 0.553673 0.317062
7 0.755168 0.394740 0.488461 0.189480
2 0.616752 0.266052 0.152253 0.141480
2 0.487741 0.277385 0.159858 0.170395
2 0.671403 0.237865 0.092806 0.103855
2 0.374269 0.210906 0.061038 0.081187
2 0.272370 0.214969 0.032241 0.036187
2 0.310879 0.204729 0.028008 0.034458
2 0.863980 0.222521 0.156084 0.120042
2 0.894611 0.333115 0.211097 0.284980
2 0.105696 0.214562 0.048892 0.032250
2 0.243691 0.205323 0.034258 0.035645
2 0.333343 0.207291 0.029186 0.052083
3 0.639664 0.663566 0.719953 0.674006
4 0.676070 0.658784 0.645889 0.664442
5 0.703455 0.530635 0.594411 0.420645
6 0.723712 0.472594 0.553673 0.317062
7 0.755168 0.394740 0.488461 0.189480
2 0.616752 0.266052 0.152253 0.141480
2 0.487741 0.277385 0.159858 0.170395
2 0.671403 0.237865 0.092806 0.103855
2 0.374269 0.210906 0.061038 0.081187
2 0.272370 0.214969 0.032241 0.036187
2 0.310879 0.204729 0.028008 0.034458
2 0.863980 0.222521 0.156084 0.120042
2 0.894611 0.333115 0.211097 0.284980
2 0.105696 0.214562 0.048892 0.032250
2 0.243691 0.205323 0.034258 0.035645
2 0.333343 0.207291 0.029186 0.052083
