3 0.6396640625 0.663565625 0.719953125 0.6740062499999999
4 0.67606953125 0.65878359375 0.6458890625 0.6644421875
5 0.70345546875 0.53063515625 0.5944109375 0.42064531250000003
6 0.72371171875 0.47259375 0.5536734375 0.31706249999999997
7 0.75516796875 0.39473984375 0.4884609375 0.1894796875
2 0.7842156250000001 0.32754140625 0.20593124999999998 0.1550828125
2 0.5792921875 0.39611484375 0.258584375 0.2828546875
2 0.9580781249999999 0.27996875 0.08490625 0.0693125
2 0.33642109375 0.27215625 0.0665921875 0.0786875
2 0.41219374999999997 0.25572890625 0.0462625 0.0614578125
2 0.5092749999999999 0.27240625 0.109175 0.0729375
2 0.26561328125 0.24912499999999999 0.0406015625 0.060750000000000005
2 0.36821328124999997 0.25907265625 0.036426562499999995 0.0525203125
2 0.30597890625 0.26657265625000004 0.0369578125 0.0706453125
2 0.22810703124999998 0.24700000000000003 0.024964062500000002 0.019
3 0.6396640625 0.663565625 0.719953125 0.6740062499999999
4 0.67606953125 0.65878359375 0.6458890625 0.6644421875
5 0.70345546875 0.53063515625 0.5944109375 0.42064531250000003
6 0.72371171875 0.47259375 0.5536734375 0.31706249999999997
7 0.75516796875 0.39473984375 0.4884609375 0.1894796875
2 0.7842156250000001 0.32754140625 0.20593124999999998 0.1550828125
2 0.5792921875 0.39611484375 0.258584375 0.2828546875
2 0.9580781249999999 0.27996875 0.08490625 0.0693125
2 0.33642109375 0.27215625 0.0665921875 0.0786875
2 0.41219374999999997 0.25572890625 0.0462625 0.0614578125
2 0.5092749999999999 0.27240625 0.109175 0.0729375
2 0.26561328125 0.24912499999999999 0.0406015625 0.060750000000000005
2 0.36821328124999997 0.25907265625 0.036426562499999995 0.0525203125
2 0.30597890625 0.26657265625000004 0.0369578125 0.0706453125
2 0.22810703124999998 0.24700000000000003 0.024964062500000002 0.019
3 0.639664 0.663566 0.719953 0.674006
4 0.676070 0.658784 0.645889 0.664442
5 0.703455 0.530635 0.594411 0.420645
6 0.723712 0.472594 0.553673 0.317062
7 0.755168 0.394740 0.488461 0.189480
2 0.784216 0.327541 0.205931 0.155083
2 0.579292 0.396115 0.258584 0.282855
2 0.958078 0.279969 0.084906 0.069312
2 0.336421 0.272156 0.066592 0.078687
2 0.412194 0.255729 0.046262 0.061458
2 0.509275 0.272406 0.109175 0.072938
2 0.265613 0.249125 0.040602 0.060750
2 0.368213 0.259073 0.036427 0.052520
2 0.305979 0.266573 0.036958 0.070645
2 0.228107 0.247000 0.024964 0.019000
3 0.639664 0.663566 0.719953 0.674006
4 0.676070 0.658784 0.645889 0.664442
5 0.703455 0.530635 0.594411 0.420645
6 0.723712 0.472594 0.553673 0.317062
7 0.755168 0.394740 0.488461 0.189480
2 0.784216 0.327541 0.205931 0.155083
2 0.579292 0.396115 0.258584 0.282855
2 0.958078 0.279969 0.084906 0.069312
2 0.336421 0.272156 0.066592 0.078687
2 0.412194 0.255729 0.046262 0.061458
2 0.509275 0.272406 0.109175 0.072938
2 0.265613 0.249125 0.040602 0.060750
2 0.368213 0.259073 0.036427 0.052520
2 0.305979 0.266573 0.036958 0.070645
2 0.228107 0.247000 0.024964 0.019000
4 0.639664 0.663566 0.719953 0.674006
5 0.676070 0.658784 0.645889 0.664442
6 0.703455 0.530635 0.594411 0.420645
7 0.723712 0.472594 0.553673 0.317062
8 0.755168 0.394740 0.488461 0.189480
3 0.784216 0.327541 0.205931 0.155083
3 0.579292 0.396115 0.258584 0.282855
3 0.958078 0.279969 0.084906 0.069312
3 0.336421 0.272156 0.066592 0.078687
3 0.412194 0.255729 0.046262 0.061458
3 0.509275 0.272406 0.109175 0.072938
3 0.265613 0.249125 0.040602 0.060750
3 0.368213 0.259073 0.036427 0.052520
3 0.305979 0.266573 0.036958 0.070645
3 0.228107 0.247000 0.024964 0.019000
3 0.639664 0.663566 0.719953 0.674006
4 0.676070 0.658784 0.645889 0.664442
5 0.703455 0.530635 0.594411 0.420645
6 0.723712 0.472594 0.553673 0.317062
7 0.755168 0.394740 0.488461 0.189480
2 0.784216 0.327541 0.205931 0.155083
2 0.579292 0.396115 0.258584 0.282855
2 0.958078 0.279969 0.084906 0.069312
2 0.336421 0.272156 0.066592 0.078687
2 0.412194 0.255729 0.046262 0.061458
2 0.509275 0.272406 0.109175 0.072938
2 0.265613 0.249125 0.040602 0.060750
2 0.368213 0.259073 0.036427 0.052520
2 0.305979 0.266573 0.036958 0.070645
2 0.228107 0.247000 0.024964 0.019000
3 0.639664 0.663566 0.719953 0.674006
4 0.676070 0.658784 0.645889 0.664442
5 0.703455 0.530635 0.594411 0.420645
6 0.723712 0.472594 0.553673 0.317062
7 0.755168 0.394740 0.488461 0.189480
2 0.784216 0.327541 0.205931 0.155083
2 0.579292 0.396115 0.258584 0.282855
2 0.958078 0.279969 0.084906 0.069312
2 0.336421 0.272156 0.066592 0.078687
2 0.412194 0.255729 0.046262 0.061458
2 0.509275 0.272406 0.109175 0.072938
2 0.265613 0.249125 0.040602 0.060750
2 0.368213 0.259073 0.036427 0.052520
2 0.305979 0.266573 0.036958 0.070645
2 0.228107 0.247000 0.024964 0.019000
3 0.639664 0.663566 0.719953 0.674006
4 0.676070 0.658784 0.645889 0.664442
5 0.703455 0.530635 0.594411 0.420645
6 0.723712 0.472594 0.553673 0.317062
7 0.755168 0.394740 0.488461 0.189480
2 0.784216 0.327541 0.205931 0.155083
2 0.579292 0.396115 0.258584 0.282855
2 0.958078 0.279969 0.084906 0.069312
2 0.336421 0.272156 0.066592 0.078687
2 0.412194 0.255729 0.046262 0.061458
2 0.509275 0.272406 0.109175 0.072938
2 0.265613 0.249125 0.040602 0.060750
2 0.368213 0.259073 0.036427 0.052520
2 0.305979 0.266573 0.036958 0.070645
2 0.228107 0.247000 0.024964 0.019000
