3 0.6396640625 0.663565625 0.719953125 0.6740062499999999
4 0.67606953125 0.65878359375 0.6458890625 0.6644421875
5 0.70345546875 0.53063515625 0.5944109375 0.42064531250000003
6 0.72371171875 0.47259375 0.5536734375 0.31706249999999997
7 0.75516796875 0.39473984375 0.4884609375 0.1894796875
2 0.67139765625 0.30004140625 0.2740453125 0.2719578125
2 0.92588125 0.27955234375 0.1486375 0.1684796875
2 0.49867890625 0.23191640625 0.06923281249999999 0.0763328125
2 0.2844578125 0.22446875 0.037665625 0.0520625
2 0.3288796875 0.24342734375 0.06400937500000001 0.0774796875
2 0.41345546874999994 0.23548984375 0.07066093749999999 0.0928546875
2 0.35977031249999997 0.22260390624999998 0.035165625 0.0452078125
9 0.25574296875 0.19227109375 0.030235937499999997 0.0470421875
2 0.3466984375 0.22204140625000002 0.055896875 0.0534578125
3 0.6396640625 0.663565625 0.719953125 0.6740062499999999
4 0.67606953125 0.65878359375 0.6458890625 0.6644421875
5 0.70345546875 0.53063515625 0.5944109375 0.42064531250000003
6 0.72371171875 0.47259375 0.5536734375 0.31706249999999997
7 0.75516796875 0.39473984375 0.4884609375 0.1894796875
2 0.67139765625 0.30004140625 0.2740453125 0.2719578125
2 0.92588125 0.27955234375 0.1486375 0.1684796875
2 0.49867890625 0.23191640625 0.06923281249999999 0.0763328125
2 0.2844578125 0.22446875 0.037665625 0.0520625
2 0.3288796875 0.24342734375 0.06400937500000001 0.0774796875
2 0.41345546874999994 0.23548984375 0.07066093749999999 0.0928546875
2 0.35977031249999997 0.22260390624999998 0.035165625 0.0452078125
9 0.25574296875 0.19227109375 0.030235937499999997 0.0470421875
2 0.3466984375 0.22204140625000002 0.055896875 0.0534578125
3 0.639664 0.663566 0.719953 0.674006
4 0.676070 0.658784 0.645889 0.664442
5 0.703455 0.530635 0.594411 0.420645
6 0.723712 0.472594 0.553673 0.317062
7 0.755168 0.394740 0.488461 0.189480
2 0.671398 0.300041 0.274045 0.271958
2 0.925881 0.279552 0.148638 0.168480
2 0.498679 0.231916 0.069233 0.076333
2 0.284458 0.224469 0.037666 0.052062
2 0.328880 0.243427 0.064009 0.077480
2 0.413455 0.235490 0.070661 0.092855
2 0.359770 0.222604 0.035166 0.045208
9 0.255743 0.192271 0.030236 0.047042
2 0.346698 0.222041 0.055897 0.053458
3 0.639664 0.663566 0.719953 0.674006
4 0.676070 0.658784 0.645889 0.664442
5 0.703455 0.530635 0.594411 0.420645
6 0.723712 0.472594 0.553673 0.317062
7 0.755168 0.394740 0.488461 0.189480
2 0.671398 0.300041 0.274045 0.271958
2 0.925881 0.279552 0.148638 0.168480
2 0.498679 0.231916 0.069233 0.076333
2 0.284458 0.224469 0.037666 0.052062
2 0.328880 0.243427 0.064009 0.077480
2 0.413455 0.235490 0.070661 0.092855
2 0.359770 0.222604 0.035166 0.045208
9 0.255743 0.192271 0.030236 0.047042
2 0.346698 0.222041 0.055897 0.053458
4 0.639664 0.663566 0.719953 0.674006
5 0.676070 0.658784 0.645889 0.664442
6 0.703455 0.530635 0.594411 0.420645
7 0.723712 0.472594 0.553673 0.317062
8 0.755168 0.394740 0.488461 0.189480
3 0.671398 0.300041 0.274045 0.271958
3 0.925881 0.279552 0.148638 0.168480
3 0.498679 0.231916 0.069233 0.076333
3 0.284458 0.224469 0.037666 0.052062
3 0.328880 0.243427 0.064009 0.077480
3 0.413455 0.235490 0.070661 0.092855
3 0.359770 0.222604 0.035166 0.045208
10 0.255743 0.192271 0.030236 0.047042
3 0.346698 0.222041 0.055897 0.053458
3 0.639664 0.663566 0.719953 0.674006
4 0.676070 0.658784 0.645889 0.664442
5 0.703455 0.530635 0.594411 0.420645
6 0.723712 0.472594 0.553673 0.317062
7 0.755168 0.394740 0.488461 0.189480
2 0.671398 0.300041 0.274045 0.271958
2 0.925881 0.279552 0.148638 0.168480
2 0.498679 0.231916 0.069233 0.076333
2 0.284458 0.224469 0.037666 0.052062
2 0.328880 0.243427 0.064009 0.077480
2 0.413455 0.235490 0.070661 0.092855
2 0.359770 0.222604 0.035166 0.045208
9 0.255743 0.192271 0.030236 0.047042
2 0.346698 0.222041 0.055897 0.053458
3 0.639664 0.663566 0.719953 0.674006
4 0.676070 0.658784 0.645889 0.664442
5 0.703455 0.530635 0.594411 0.420645
6 0.723712 0.472594 0.553673 0.317062
7 0.755168 0.394740 0.488461 0.189480
2 0.671398 0.300041 0.274045 0.271958
2 0.925881 0.279552 0.148638 0.168480
2 0.498679 0.231916 0.069233 0.076333
2 0.284458 0.224469 0.037666 0.052062
2 0.328880 0.243427 0.064009 0.077480
2 0.413455 0.235490 0.070661 0.092855
2 0.359770 0.222604 0.035166 0.045208
9 0.255743 0.192271 0.030236 0.047042
2 0.346698 0.222041 0.055897 0.053458
3 0.639664 0.663566 0.719953 0.674006
4 0.676070 0.658784 0.645889 0.664442
5 0.703455 0.530635 0.594411 0.420645
6 0.723712 0.472594 0.553673 0.317062
7 0.755168 0.394740 0.488461 0.189480
2 0.671398 0.300041 0.274045 0.271958
2 0.925881 0.279552 0.148638 0.168480
2 0.498679 0.231916 0.069233 0.076333
2 0.284458 0.224469 0.037666 0.052062
2 0.328880 0.243427 0.064009 0.077480
2 0.413455 0.235490 0.070661 0.092855
2 0.359770 0.222604 0.035166 0.045208
9 0.255743 0.192271 0.030236 0.047042
2 0.346698 0.222041 0.055897 0.053458
