3 0.6396640625 0.663565625 0.719953125 0.6740062499999999
4 0.67606953125 0.65878359375 0.6458890625 0.6644421875
5 0.70345546875 0.53063515625 0.5944109375 0.42064531250000003
6 0.72371171875 0.47259375 0.5536734375 0.31706249999999997
7 0.75516796875 0.39473984375 0.4884609375 0.1894796875
9 0.694015625 0.43166640625 0.38490625 0.32270781249999997
2 0.92943984375 0.28340624999999997 0.14012968750000002 0.0980625
2 0.3886734375 0.26936484374999997 0.05859687500000001 0.0668546875
2 0.32751171875 0.28759375 0.0643984375 0.0689375
9 0.49909218749999995 0.26956250000000004 0.073184375 0.082875
2 0.27972265625000003 0.2651875 0.040695312500000004 0.058499999999999996
2 0.42689843749999995 0.26659375 0.041296875 0.051937500000000004
2 0.6863914062500001 0.2698125 0.0915328125 0.045875
2 0.54563125 0.29517734375 0.08813750000000001 0.0841046875
3 0.6396640625 0.663565625 0.719953125 0.6740062499999999
4 0.67606953125 0.65878359375 0.6458890625 0.6644421875
5 0.70345546875 0.53063515625 0.5944109375 0.42064531250000003
6 0.72371171875 0.47259375 0.5536734375 0.31706249999999997
7 0.75516796875 0.39473984375 0.4884609375 0.1894796875
9 0.694015625 0.43166640625 0.38490625 0.32270781249999997
2 0.92943984375 0.28340624999999997 0.14012968750000002 0.0980625
2 0.3886734375 0.26936484374999997 0.05859687500000001 0.0668546875
2 0.32751171875 0.28759375 0.0643984375 0.0689375
9 0.49909218749999995 0.26956250000000004 0.073184375 0.082875
2 0.27972265625000003 0.2651875 0.040695312500000004 0.058499999999999996
2 0.42689843749999995 0.26659375 0.041296875 0.051937500000000004
2 0.6863914062500001 0.2698125 0.0915328125 0.045875
2 0.54563125 0.29517734375 0.08813750000000001 0.0841046875
3 0.639664 0.663566 0.719953 0.674006
4 0.676070 0.658784 0.645889 0.664442
5 0.703455 0.530635 0.594411 0.420645
6 0.723712 0.472594 0.553673 0.317062
7 0.755168 0.394740 0.488461 0.189480
9 0.694016 0.431666 0.384906 0.322708
2 0.929440 0.283406 0.140130 0.098062
2 0.388673 0.269365 0.058597 0.066855
2 0.327512 0.287594 0.064398 0.068937
9 0.499092 0.269563 0.073184 0.082875
2 0.279723 0.265188 0.040695 0.058500
2 0.426898 0.266594 0.041297 0.051938
2 0.686391 0.269813 0.091533 0.045875
2 0.545631 0.295177 0.088138 0.084105
3 0.639664 0.663566 0.719953 0.674006
4 0.676070 0.658784 0.645889 0.664442
5 0.703455 0.530635 0.594411 0.420645
6 0.723712 0.472594 0.553673 0.317062
7 0.755168 0.394740 0.488461 0.189480
9 0.694016 0.431666 0.384906 0.322708
2 0.929440 0.283406 0.140130 0.098062
2 0.388673 0.269365 0.058597 0.066855
2 0.327512 0.287594 0.064398 0.068937
9 0.499092 0.269563 0.073184 0.082875
2 0.279723 0.265188 0.040695 0.058500
2 0.426898 0.266594 0.041297 0.051938
2 0.686391 0.269813 0.091533 0.045875
2 0.545631 0.295177 0.088138 0.084105
4 0.639664 0.663566 0.719953 0.674006
5 0.676070 0.658784 0.645889 0.664442
6 0.703455 0.530635 0.594411 0.420645
7 0.723712 0.472594 0.553673 0.317062
8 0.755168 0.394740 0.488461 0.189480
10 0.694016 0.431666 0.384906 0.322708
3 0.929440 0.283406 0.140130 0.098062
3 0.388673 0.269365 0.058597 0.066855
3 0.327512 0.287594 0.064398 0.068937
10 0.499092 0.269563 0.073184 0.082875
3 0.279723 0.265188 0.040695 0.058500
3 0.426898 0.266594 0.041297 0.051938
3 0.686391 0.269813 0.091533 0.045875
3 0.545631 0.295177 0.088138 0.084105
3 0.639664 0.663566 0.719953 0.674006
4 0.676070 0.658784 0.645889 0.664442
5 0.703455 0.530635 0.594411 0.420645
6 0.723712 0.472594 0.553673 0.317062
7 0.755168 0.394740 0.488461 0.189480
9 0.694016 0.431666 0.384906 0.322708
2 0.929440 0.283406 0.140130 0.098062
2 0.388673 0.269365 0.058597 0.066855
2 0.327512 0.287594 0.064398 0.068937
9 0.499092 0.269563 0.073184 0.082875
2 0.279723 0.265188 0.040695 0.058500
2 0.426898 0.266594 0.041297 0.051938
2 0.686391 0.269813 0.091533 0.045875
2 0.545631 0.295177 0.088138 0.084105
3 0.639664 0.663566 0.719953 0.674006
4 0.676070 0.658784 0.645889 0.664442
5 0.703455 0.530635 0.594411 0.420645
6 0.723712 0.472594 0.553673 0.317062
7 0.755168 0.394740 0.488461 0.189480
9 0.694016 0.431666 0.384906 0.322708
2 0.929440 0.283406 0.140130 0.098062
2 0.388673 0.269365 0.058597 0.066855
2 0.327512 0.287594 0.064398 0.068937
9 0.499092 0.269563 0.073184 0.082875
2 0.279723 0.265188 0.040695 0.058500
2 0.426898 0.266594 0.041297 0.051938
2 0.686391 0.269813 0.091533 0.045875
2 0.545631 0.295177 0.088138 0.084105
3 0.639664 0.663566 0.719953 0.674006
4 0.676070 0.658784 0.645889 0.664442
5 0.703455 0.530635 0.594411 0.420645
6 0.723712 0.472594 0.553673 0.317062
7 0.755168 0.394740 0.488461 0.189480
9 0.694016 0.431666 0.384906 0.322708
2 0.929440 0.283406 0.140130 0.098062
2 0.388673 0.269365 0.058597 0.066855
2 0.327512 0.287594 0.064398 0.068937
9 0.499092 0.269563 0.073184 0.082875
2 0.279723 0.265188 0.040695 0.058500
2 0.426898 0.266594 0.041297 0.051938
2 0.686391 0.269813 0.091533 0.045875
2 0.545631 0.295177 0.088138 0.084105
