3 0.6396640625 0.663565625 0.719953125 0.6740062499999999
4 0.67606953125 0.65878359375 0.6458890625 0.6644421875
5 0.70345546875 0.53063515625 0.5944109375 0.42064531250000003
6 0.72371171875 0.47259375 0.5536734375 0.31706249999999997
7 0.75516796875 0.39473984375 0.4884609375 0.1894796875
2 0.6753421875 0.30558359375 0.153809375 0.12679218750000001
2 0.469640625 0.34195859375 0.15803125 0.1932921875
2 0.945109375 0.32490625 0.10896874999999999 0.2341875
2 0.8742390625 0.28075 0.073478125 0.064625
2 0.315046875 0.26801015625 0.07696875 0.07352031249999999
2 0.5708726562499999 0.2785 0.0761203125 0.06949999999999999
2 0.26163359375 0.25919765625 0.0357671875 0.0433953125
2 0.5805304687499999 0.29120859375 0.0485609375 0.0542921875
3 0.6396640625 0.663565625 0.719953125 0.6740062499999999
4 0.67606953125 0.65878359375 0.6458890625 0.6644421875
5 0.70345546875 0.53063515625 0.5944109375 0.42064531250000003
6 0.72371171875 0.47259375 0.5536734375 0.31706249999999997
7 0.75516796875 0.39473984375 0.4884609375 0.1894796875
2 0.6753421875 0.30558359375 0.153809375 0.12679218750000001
2 0.469640625 0.34195859375 0.15803125 0.1932921875
2 0.945109375 0.32490625 0.10896874999999999 0.2341875
2 0.8742390625 0.28075 0.073478125 0.064625
2 0.315046875 0.26801015625 0.07696875 0.07352031249999999
2 0.5708726562499999 0.2785 0.0761203125 0.06949999999999999
2 0.26163359375 0.25919765625 0.0357671875 0.0433953125
2 0.5805304687499999 0.29120859375 0.0485609375 0.0542921875
3 0.639664 0.663566 0.719953 0.674006
4 0.676070 0.658784 0.645889 0.664442
5 0.703455 0.530635 0.594411 0.420645
6 0.723712 0.472594 0.553673 0.317062
7 0.755168 0.394740 0.488461 0.189480
2 0.675342 0.305584 0.153809 0.126792
2 0.469641 0.341959 0.158031 0.193292
2 0.945109 0.324906 0.108969 0.234187
2 0.874239 0.280750 0.073478 0.064625
2 0.315047 0.268010 0.076969 0.073520
2 0.570873 0.278500 0.076120 0.069500
2 0.261634 0.259198 0.035767 0.043395
2 0.580530 0.291209 0.048561 0.054292
3 0.639664 0.663566 0.719953 0.674006
4 0.676070 0.658784 0.645889 0.664442
5 0.703455 0.530635 0.594411 0.420645
6 0.723712 0.472594 0.553673 0.317062
7 0.755168 0.394740 0.488461 0.189480
2 0.675342 0.305584 0.153809 0.126792
2 0.469641 0.341959 0.158031 0.193292
2 0.945109 0.324906 0.108969 0.234187
2 0.874239 0.280750 0.073478 0.064625
2 0.315047 0.268010 0.076969 0.073520
2 0.570873 0.278500 0.076120 0.069500
2 0.261634 0.259198 0.035767 0.043395
2 0.580530 0.291209 0.048561 0.054292
4 0.639664 0.663566 0.719953 0.674006
5 0.676070 0.658784 0.645889 0.664442
6 0.703455 0.530635 0.594411 0.420645
7 0.723712 0.472594 0.553673 0.317062
8 0.755168 0.394740 0.488461 0.189480
3 0.675342 0.305584 0.153809 0.126792
3 0.469641 0.341959 0.158031 0.193292
3 0.945109 0.324906 0.108969 0.234187
3 0.874239 0.280750 0.073478 0.064625
3 0.315047 0.268010 0.076969 0.073520
3 0.570873 0.278500 0.076120 0.069500
3 0.261634 0.259198 0.035767 0.043395
3 0.580530 0.291209 0.048561 0.054292
3 0.639664 0.663566 0.719953 0.674006
4 0.676070 0.658784 0.645889 0.664442
5 0.703455 0.530635 0.594411 0.420645
6 0.723712 0.472594 0.553673 0.317062
7 0.755168 0.394740 0.488461 0.189480
2 0.675342 0.305584 0.153809 0.126792
2 0.469641 0.341959 0.158031 0.193292
2 0.945109 0.324906 0.108969 0.234187
2 0.874239 0.280750 0.073478 0.064625
2 0.315047 0.268010 0.076969 0.073520
2 0.570873 0.278500 0.076120 0.069500
2 0.261634 0.259198 0.035767 0.043395
2 0.580530 0.291209 0.048561 0.054292
3 0.639664 0.663566 0.719953 0.674006
4 0.676070 0.658784 0.645889 0.664442
5 0.703455 0.530635 0.594411 0.420645
6 0.723712 0.472594 0.553673 0.317062
7 0.755168 0.394740 0.488461 0.189480
2 0.675342 0.305584 0.153809 0.126792
2 0.469641 0.341959 0.158031 0.193292
2 0.945109 0.324906 0.108969 0.234187
2 0.874239 0.280750 0.073478 0.064625
2 0.315047 0.268010 0.076969 0.073520
2 0.570873 0.278500 0.076120 0.069500
2 0.261634 0.259198 0.035767 0.043395
2 0.580530 0.291209 0.048561 0.054292
3 0.639664 0.663566 0.719953 0.674006
4 0.676070 0.658784 0.645889 0.664442
5 0.703455 0.530635 0.594411 0.420645
6 0.723712 0.472594 0.553673 0.317062
7 0.755168 0.394740 0.488461 0.189480
2 0.675342 0.305584 0.153809 0.126792
2 0.469641 0.341959 0.158031 0.193292
2 0.945109 0.324906 0.108969 0.234187
2 0.874239 0.280750 0.073478 0.064625
2 0.315047 0.268010 0.076969 0.073520
2 0.570873 0.278500 0.076120 0.069500
2 0.261634 0.259198 0.035767 0.043395
2 0.580530 0.291209 0.048561 0.054292
