3 0.6396640625 0.663565625 0.719953125 0.6740062499999999
4 0.67606953125 0.65878359375 0.6458890625 0.6644421875
5 0.70345546875 0.53063515625 0.5944109375 0.42064531250000003
6 0.72371171875 0.47455625 0.5536734375 0.31161249999999996
7 0.7510625 0.44572031249999994 0.499 0.235190625
2 0.2942921875 0.27064609375000004 0.035459375 0.0412921875
2 0.48978203125 0.26455234375000003 0.0483140625 0.0447296875
2 0.34793046875 0.26886484374999997 0.036485937499999996 0.0377296875
2 0.0868515625 0.25696875 0.061203125000000004 0.0483125
2 0.43102578124999996 0.26129140624999997 0.0526765625 0.050707812500000005
2 0.38813671875 0.26686484374999997 0.0325234375 0.0399796875
3 0.6396640625 0.663565625 0.719953125 0.6740062499999999
4 0.67606953125 0.65878359375 0.6458890625 0.6644421875
5 0.70345546875 0.53063515625 0.5944109375 0.42064531250000003
6 0.72371171875 0.47455625 0.5536734375 0.31161249999999996
7 0.7510625 0.44572031249999994 0.499 0.235190625
2 0.2942921875 0.27064609375000004 0.035459375 0.0412921875
2 0.48978203125 0.26455234375000003 0.0483140625 0.0447296875
2 0.34793046875 0.26886484374999997 0.036485937499999996 0.0377296875
2 0.0868515625 0.25696875 0.061203125000000004 0.0483125
2 0.43102578124999996 0.26129140624999997 0.0526765625 0.050707812500000005
2 0.38813671875 0.26686484374999997 0.0325234375 0.0399796875
3 0.639664 0.663566 0.719953 0.674006
4 0.676070 0.658784 0.645889 0.664442
5 0.703455 0.530635 0.594411 0.420645
6 0.723712 0.474556 0.553673 0.311612
7 0.751062 0.445720 0.499000 0.235191
2 0.294292 0.270646 0.035459 0.041292
2 0.489782 0.264552 0.048314 0.044730
2 0.347930 0.268865 0.036486 0.037730
2 0.086852 0.256969 0.061203 0.048313
2 0.431026 0.261291 0.052677 0.050708
2 0.388137 0.266865 0.032523 0.039980
3 0.639664 0.663566 0.719953 0.674006
4 0.676070 0.658784 0.645889 0.664442
5 0.703455 0.530635 0.594411 0.420645
6 0.723712 0.474556 0.553673 0.311612
7 0.751062 0.445720 0.499000 0.235191
2 0.294292 0.270646 0.035459 0.041292
2 0.489782 0.264552 0.048314 0.044730
2 0.347930 0.268865 0.036486 0.037730
2 0.086852 0.256969 0.061203 0.048313
2 0.431026 0.261291 0.052677 0.050708
2 0.388137 0.266865 0.032523 0.039980
4 0.639664 0.663566 0.719953 0.674006
5 0.676070 0.658784 0.645889 0.664442
6 0.703455 0.530635 0.594411 0.420645
7 0.723712 0.474556 0.553673 0.311612
8 0.751062 0.445720 0.499000 0.235191
3 0.294292 0.270646 0.035459 0.041292
3 0.489782 0.264552 0.048314 0.044730
3 0.347930 0.268865 0.036486 0.037730
3 0.086852 0.256969 0.061203 0.048313
3 0.431026 0.261291 0.052677 0.050708
3 0.388137 0.266865 0.032523 0.039980
3 0.639664 0.663566 0.719953 0.674006
4 0.676070 0.658784 0.645889 0.664442
5 0.703455 0.530635 0.594411 0.420645
6 0.723712 0.474556 0.553673 0.311612
7 0.751062 0.445720 0.499000 0.235191
2 0.294292 0.270646 0.035459 0.041292
2 0.489782 0.264552 0.048314 0.044730
2 0.347930 0.268865 0.036486 0.037730
2 0.086852 0.256969 0.061203 0.048313
2 0.431026 0.261291 0.052677 0.050708
2 0.388137 0.266865 0.032523 0.039980
3 0.639664 0.663566 0.719953 0.674006
4 0.676070 0.658784 0.645889 0.664442
5 0.703455 0.530635 0.594411 0.420645
6 0.723712 0.474556 0.553673 0.311612
7 0.751062 0.445720 0.499000 0.235191
2 0.294292 0.270646 0.035459 0.041292
2 0.489782 0.264552 0.048314 0.044730
2 0.347930 0.268865 0.036486 0.037730
2 0.086852 0.256969 0.061203 0.048313
2 0.431026 0.261291 0.052677 0.050708
2 0.388137 0.266865 0.032523 0.039980
3 0.639664 0.663566 0.719953 0.674006
4 0.676070 0.658784 0.645889 0.664442
5 0.703455 0.530635 0.594411 0.420645
6 0.723712 0.474556 0.553673 0.311612
7 0.751062 0.445720 0.499000 0.235191
2 0.294292 0.270646 0.035459 0.041292
2 0.489782 0.264552 0.048314 0.044730
2 0.347930 0.268865 0.036486 0.037730
2 0.086852 0.256969 0.061203 0.048313
2 0.431026 0.261291 0.052677 0.050708
2 0.388137 0.266865 0.032523 0.039980
