3 0.6396640625 0.663565625 0.719953125 0.6740062499999999
4 0.67606953125 0.65878359375 0.6458890625 0.6644421875
5 0.70345546875 0.53063515625 0.5944109375 0.42064531250000003
6 0.72371171875 0.47259375 0.5536734375 0.31706249999999997
7 0.75516796875 0.39473984375 0.4884609375 0.1894796875
2 0.8568453125 0.29534375 0.269940625 0.1781875
2 0.590571875 0.25317734375 0.11551875 0.10947968749999999
2 0.33688124999999997 0.24380234375 0.051887499999999996 0.0782296875
9 0.443025 0.24770859375 0.16105 0.2172921875
2 0.25334921875 0.21872890625000002 0.0285734375 0.0343328125
2 0.7108726562500001 0.26542734375 0.0717453125 0.0683546875
2 0.23272421875 0.2185 0.0185734375 0.03075
3 0.6396640625 0.663565625 0.719953125 0.6740062499999999
4 0.67606953125 0.65878359375 0.6458890625 0.6644421875
5 0.70345546875 0.53063515625 0.5944109375 0.42064531250000003
6 0.72371171875 0.47259375 0.5536734375 0.31706249999999997
7 0.75516796875 0.39473984375 0.4884609375 0.1894796875
2 0.8568453125 0.29534375 0.269940625 0.1781875
2 0.590571875 0.25317734375 0.11551875 0.10947968749999999
2 0.33688124999999997 0.24380234375 0.051887499999999996 0.0782296875
9 0.443025 0.24770859375 0.16105 0.2172921875
2 0.25334921875 0.21872890625000002 0.0285734375 0.0343328125
2 0.7108726562500001 0.26542734375 0.0717453125 0.0683546875
2 0.23272421875 0.2185 0.0185734375 0.03075
3 0.639664 0.663566 0.719953 0.674006
4 0.676070 0.658784 0.645889 0.664442
5 0.703455 0.530635 0.594411 0.420645
6 0.723712 0.472594 0.553673 0.317062
7 0.755168 0.394740 0.488461 0.189480
2 0.856845 0.295344 0.269941 0.178187
2 0.590572 0.253177 0.115519 0.109480
2 0.336881 0.243802 0.051887 0.078230
9 0.443025 0.247709 0.161050 0.217292
2 0.253349 0.218729 0.028573 0.034333
2 0.710873 0.265427 0.071745 0.068355
2 0.232724 0.218500 0.018573 0.030750
3 0.639664 0.663566 0.719953 0.674006
4 0.676070 0.658784 0.645889 0.664442
5 0.703455 0.530635 0.594411 0.420645
6 0.723712 0.472594 0.553673 0.317062
7 0.755168 0.394740 0.488461 0.189480
2 0.856845 0.295344 0.269941 0.178187
2 0.590572 0.253177 0.115519 0.109480
2 0.336881 0.243802 0.051887 0.078230
9 0.443025 0.247709 0.161050 0.217292
2 0.253349 0.218729 0.028573 0.034333
2 0.710873 0.265427 0.071745 0.068355
2 0.232724 0.218500 0.018573 0.030750
4 0.639664 0.663566 0.719953 0.674006
5 0.676070 0.658784 0.645889 0.664442
6 0.703455 0.530635 0.594411 0.420645
7 0.723712 0.472594 0.553673 0.317062
8 0.755168 0.394740 0.488461 0.189480
3 0.856845 0.295344 0.269941 0.178187
3 0.590572 0.253177 0.115519 0.109480
3 0.336881 0.243802 0.051887 0.078230
10 0.443025 0.247709 0.161050 0.217292
3 0.253349 0.218729 0.028573 0.034333
3 0.710873 0.265427 0.071745 0.068355
3 0.232724 0.218500 0.018573 0.030750
3 0.639664 0.663566 0.719953 0.674006
4 0.676070 0.658784 0.645889 0.664442
5 0.703455 0.530635 0.594411 0.420645
6 0.723712 0.472594 0.553673 0.317062
7 0.755168 0.394740 0.488461 0.189480
2 0.856845 0.295344 0.269941 0.178187
2 0.590572 0.253177 0.115519 0.109480
2 0.336881 0.243802 0.051887 0.078230
9 0.443025 0.247709 0.161050 0.217292
2 0.253349 0.218729 0.028573 0.034333
2 0.710873 0.265427 0.071745 0.068355
2 0.232724 0.218500 0.018573 0.030750
3 0.639664 0.663566 0.719953 0.674006
4 0.676070 0.658784 0.645889 0.664442
5 0.703455 0.530635 0.594411 0.420645
6 0.723712 0.472594 0.553673 0.317062
7 0.755168 0.394740 0.488461 0.189480
2 0.856845 0.295344 0.269941 0.178187
2 0.590572 0.253177 0.115519 0.109480
2 0.336881 0.243802 0.051887 0.078230
9 0.443025 0.247709 0.161050 0.217292
2 0.253349 0.218729 0.028573 0.034333
2 0.710873 0.265427 0.071745 0.068355
2 0.232724 0.218500 0.018573 0.030750
3 0.639664 0.663566 0.719953 0.674006
4 0.676070 0.658784 0.645889 0.664442
5 0.703455 0.530635 0.594411 0.420645
6 0.723712 0.472594 0.553673 0.317062
7 0.755168 0.394740 0.488461 0.189480
2 0.856845 0.295344 0.269941 0.178187
2 0.590572 0.253177 0.115519 0.109480
2 0.336881 0.243802 0.051887 0.078230
9 0.443025 0.247709 0.161050 0.217292
2 0.253349 0.218729 0.028573 0.034333
2 0.710873 0.265427 0.071745 0.068355
2 0.232724 0.218500 0.018573 0.030750
