3 0.6396640625 0.663565625 0.719953125 0.6740062499999999
4 0.67606953125 0.65878359375 0.6458890625 0.6644421875
5 0.70345546875 0.53063515625 0.5944109375 0.42064531250000003
6 0.72371171875 0.47259375 0.5536734375 0.31706249999999997
7 0.75516796875 0.39473984375 0.4884609375 0.1894796875
2 0.49382109375 0.3373125 0.16889218749999999 0.184
2 0.31510625000000003 0.251 0.0739625 0.09575
2 0.40913359375 0.26270859375 0.0557671875 0.07229218750000001
2 0.5854421875 0.31939609375 0.083384375 0.0919171875
2 0.23407421875 0.23170859375 0.0243984375 0.0259171875
3 0.6396640625 0.663565625 0.719953125 0.6740062499999999
4 0.67606953125 0.65878359375 0.6458890625 0.6644421875
5 0.70345546875 0.53063515625 0.5944109375 0.42064531250000003
6 0.72371171875 0.47259375 0.5536734375 0.31706249999999997
7 0.75516796875 0.39473984375 0.4884609375 0.1894796875
2 0.49382109375 0.3373125 0.16889218749999999 0.184
2 0.31510625000000003 0.251 0.0739625 0.09575
2 0.40913359375 0.26270859375 0.0557671875 0.07229218750000001
2 0.5854421875 0.31939609375 0.083384375 0.0919171875
2 0.23407421875 0.23170859375 0.0243984375 0.0259171875
3 0.639664 0.663566 0.719953 0.674006
4 0.676070 0.658784 0.645889 0.664442
5 0.703455 0.530635 0.594411 0.420645
6 0.723712 0.472594 0.553673 0.317062
7 0.755168 0.394740 0.488461 0.189480
2 0.493821 0.337313 0.168892 0.184000
2 0.315106 0.251000 0.073963 0.095750
2 0.409134 0.262709 0.055767 0.072292
2 0.585442 0.319396 0.083384 0.091917
2 0.234074 0.231709 0.024398 0.025917
3 0.639664 0.663566 0.719953 0.674006
4 0.676070 0.658784 0.645889 0.664442
5 0.703455 0.530635 0.594411 0.420645
6 0.723712 0.472594 0.553673 0.317062
7 0.755168 0.394740 0.488461 0.189480
2 0.493821 0.337313 0.168892 0.184000
2 0.315106 0.251000 0.073963 0.095750
2 0.409134 0.262709 0.055767 0.072292
2 0.585442 0.319396 0.083384 0.091917
2 0.234074 0.231709 0.024398 0.025917
4 0.639664 0.663566 0.719953 0.674006
5 0.676070 0.658784 0.645889 0.664442
6 0.703455 0.530635 0.594411 0.420645
7 0.723712 0.472594 0.553673 0.317062
8 0.755168 0.394740 0.488461 0.189480
3 0.493821 0.337313 0.168892 0.184000
3 0.315106 0.251000 0.073963 0.095750
3 0.409134 0.262709 0.055767 0.072292
3 0.585442 0.319396 0.083384 0.091917
3 0.234074 0.231709 0.024398 0.025917
3 0.639664 0.663566 0.719953 0.674006
4 0.676070 0.658784 0.645889 0.664442
5 0.703455 0.530635 0.594411 0.420645
6 0.723712 0.472594 0.553673 0.317062
7 0.755168 0.394740 0.488461 0.189480
2 0.493821 0.337313 0.168892 0.184000
2 0.315106 0.251000 0.073963 0.095750
2 0.409134 0.262709 0.055767 0.072292
2 0.585442 0.319396 0.083384 0.091917
2 0.234074 0.231709 0.024398 0.025917
3 0.639664 0.663566 0.719953 0.674006
4 0.676070 0.658784 0.645889 0.664442
5 0.703455 0.530635 0.594411 0.420645
6 0.723712 0.472594 0.553673 0.317062
7 0.755168 0.394740 0.488461 0.189480
2 0.493821 0.337313 0.168892 0.184000
2 0.315106 0.251000 0.073963 0.095750
2 0.409134 0.262709 0.055767 0.072292
2 0.585442 0.319396 0.083384 0.091917
2 0.234074 0.231709 0.024398 0.025917
3 0.639664 0.663566 0.719953 0.674006
4 0.676070 0.658784 0.645889 0.664442
5 0.703455 0.530635 0.594411 0.420645
6 0.723712 0.472594 0.553673 0.317062
7 0.755168 0.394740 0.488461 0.189480
2 0.493821 0.337313 0.168892 0.184000
2 0.315106 0.251000 0.073963 0.095750
2 0.409134 0.262709 0.055767 0.072292
2 0.585442 0.319396 0.083384 0.091917
2 0.234074 0.231709 0.024398 0.025917
