3 0.6396640625 0.663565625 0.719953125 0.6740062499999999
4 0.67606953125 0.65878359375 0.6458890625 0.6644421875
5 0.70345546875 0.53063515625 0.5944109375 0.42064531250000003
6 0.72371171875 0.47455625 0.5536734375 0.31161249999999996
7 0.7510625 0.44572031249999994 0.499 0.235190625
2 0.31417421875 0.30385390624999997 0.0377234375 0.0389578125
2 0.4073234375 0.2984375 0.036521874999999995 0.040625
2 0.36984062500000003 0.29961484375 0.03655625 0.0398546875
2 0.5095226562499999 0.29901015625 0.0471703125 0.0480203125
2 0.45652734375000004 0.29394765624999997 0.0411796875 0.0472703125
2 0.1184375 0.28854140624999997 0.058750000000000004 0.048957812499999996
2 0.34335468750000003 0.296875 0.024209374999999998 0.0375
3 0.6396640625 0.663565625 0.719953125 0.6740062499999999
4 0.67606953125 0.65878359375 0.6458890625 0.6644421875
5 0.70345546875 0.53063515625 0.5944109375 0.42064531250000003
6 0.72371171875 0.47455625 0.5536734375 0.31161249999999996
7 0.7510625 0.44572031249999994 0.499 0.235190625
2 0.31417421875 0.30385390624999997 0.0377234375 0.0389578125
2 0.4073234375 0.2984375 0.036521874999999995 0.040625
2 0.36984062500000003 0.29961484375 0.03655625 0.0398546875
2 0.5095226562499999 0.29901015625 0.0471703125 0.0480203125
2 0.45652734375000004 0.29394765624999997 0.0411796875 0.0472703125
2 0.1184375 0.28854140624999997 0.058750000000000004 0.048957812499999996
2 0.34335468750000003 0.296875 0.024209374999999998 0.0375
3 0.639664 0.663566 0.719953 0.674006
4 0.676070 0.658784 0.645889 0.664442
5 0.703455 0.530635 0.594411 0.420645
6 0.723712 0.474556 0.553673 0.311612
7 0.751062 0.445720 0.499000 0.235191
2 0.314174 0.303854 0.037723 0.038958
2 0.407323 0.298438 0.036522 0.040625
2 0.369841 0.299615 0.036556 0.039855
2 0.509523 0.299010 0.047170 0.048020
2 0.456527 0.293948 0.041180 0.047270
2 0.118438 0.288541 0.058750 0.048958
2 0.343355 0.296875 0.024209 0.037500
3 0.639664 0.663566 0.719953 0.674006
4 0.676070 0.658784 0.645889 0.664442
5 0.703455 0.530635 0.594411 0.420645
6 0.723712 0.474556 0.553673 0.311612
7 0.751062 0.445720 0.499000 0.235191
2 0.314174 0.303854 0.037723 0.038958
2 0.407323 0.298438 0.036522 0.040625
2 0.369841 0.299615 0.036556 0.039855
2 0.509523 0.299010 0.047170 0.048020
2 0.456527 0.293948 0.041180 0.047270
2 0.118438 0.288541 0.058750 0.048958
2 0.343355 0.296875 0.024209 0.037500
4 0.639664 0.663566 0.719953 0.674006
5 0.676070 0.658784 0.645889 0.664442
6 0.703455 0.530635 0.594411 0.420645
7 0.723712 0.474556 0.553673 0.311612
8 0.751062 0.445720 0.499000 0.235191
3 0.314174 0.303854 0.037723 0.038958
3 0.407323 0.298438 0.036522 0.040625
3 0.369841 0.299615 0.036556 0.039855
3 0.509523 0.299010 0.047170 0.048020
3 0.456527 0.293948 0.041180 0.047270
3 0.118438 0.288541 0.058750 0.048958
3 0.343355 0.296875 0.024209 0.037500
3 0.639664 0.663566 0.719953 0.674006
4 0.676070 0.658784 0.645889 0.664442
5 0.703455 0.530635 0.594411 0.420645
6 0.723712 0.474556 0.553673 0.311612
7 0.751062 0.445720 0.499000 0.235191
2 0.314174 0.303854 0.037723 0.038958
2 0.407323 0.298438 0.036522 0.040625
2 0.369841 0.299615 0.036556 0.039855
2 0.509523 0.299010 0.047170 0.048020
2 0.456527 0.293948 0.041180 0.047270
2 0.118438 0.288541 0.058750 0.048958
2 0.343355 0.296875 0.024209 0.037500
3 0.639664 0.663566 0.719953 0.674006
4 0.676070 0.658784 0.645889 0.664442
5 0.703455 0.530635 0.594411 0.420645
6 0.723712 0.474556 0.553673 0.311612
7 0.751062 0.445720 0.499000 0.235191
2 0.314174 0.303854 0.037723 0.038958
2 0.407323 0.298438 0.036522 0.040625
2 0.369841 0.299615 0.036556 0.039855
2 0.509523 0.299010 0.047170 0.048020
2 0.456527 0.293948 0.041180 0.047270
2 0.118438 0.288541 0.058750 0.048958
2 0.343355 0.296875 0.024209 0.037500
3 0.639664 0.663566 0.719953 0.674006
4 0.676070 0.658784 0.645889 0.664442
5 0.703455 0.530635 0.594411 0.420645
6 0.723712 0.474556 0.553673 0.311612
7 0.751062 0.445720 0.499000 0.235191
2 0.314174 0.303854 0.037723 0.038958
2 0.407323 0.298438 0.036522 0.040625
2 0.369841 0.299615 0.036556 0.039855
2 0.509523 0.299010 0.047170 0.048020
2 0.456527 0.293948 0.041180 0.047270
2 0.118438 0.288541 0.058750 0.048958
2 0.343355 0.296875 0.024209 0.037500
