3 0.6396640625 0.663565625 0.719953125 0.6740062499999999
4 0.67606953125 0.65878359375 0.6458890625 0.6644421875
5 0.70345546875 0.53063515625 0.5944109375 0.42064531250000003
6 0.72371171875 0.47259375 0.5536734375 0.31706249999999997
7 0.75516796875 0.39473984375 0.4884609375 0.1894796875
2 0.5783015625 0.25298984375 0.131603125 0.1309796875
2 0.8485609375 0.32333359375 0.30337187499999996 0.3216671875
2 0.45722890625 0.26623984375000004 0.1425828125 0.1449796875
2 0.64624375 0.23895859375 0.0862375 0.10604218750000001
2 0.3679484375 0.21088515624999998 0.05777187499999999 0.0780203125
2 0.30926328124999997 0.20470859375 0.0372765625 0.037542187500000004
2 0.2703421875 0.21298984375000002 0.031309375 0.0384796875
2 0.328909375 0.20582265624999999 0.026568750000000002 0.049145312499999996
3 0.6396640625 0.663565625 0.719953125 0.6740062499999999
4 0.67606953125 0.65878359375 0.6458890625 0.6644421875
5 0.70345546875 0.53063515625 0.5944109375 0.42064531250000003
6 0.72371171875 0.47259375 0.5536734375 0.31706249999999997
7 0.75516796875 0.39473984375 0.4884609375 0.1894796875
2 0.5783015625 0.25298984375 0.131603125 0.1309796875
2 0.8485609375 0.32333359375 0.30337187499999996 0.3216671875
2 0.45722890625 0.26623984375000004 0.1425828125 0.1449796875
2 0.64624375 0.23895859375 0.0862375 0.10604218750000001
2 0.3679484375 0.21088515624999998 0.05777187499999999 0.0780203125
2 0.30926328124999997 0.20470859375 0.0372765625 0.037542187500000004
2 0.2703421875 0.21298984375000002 0.031309375 0.0384796875
2 0.328909375 0.20582265624999999 0.026568750000000002 0.049145312499999996
3 0.639664 0.663566 0.719953 0.674006
4 0.676070 0.658784 0.645889 0.664442
5 0.703455 0.530635 0.594411 0.420645
6 0.723712 0.472594 0.553673 0.317062
7 0.755168 0.394740 0.488461 0.189480
2 0.578302 0.252990 0.131603 0.130980
2 0.848561 0.323334 0.303372 0.321667
2 0.457229 0.266240 0.142583 0.144980
2 0.646244 0.238959 0.086237 0.106042
2 0.367948 0.210885 0.057772 0.078020
2 0.309263 0.204709 0.037277 0.037542
2 0.270342 0.212990 0.031309 0.038480
2 0.328909 0.205823 0.026569 0.049145
3 0.639664 0.663566 0.719953 0.674006
4 0.676070 0.658784 0.645889 0.664442
5 0.703455 0.530635 0.594411 0.420645
6 0.723712 0.472594 0.553673 0.317062
7 0.755168 0.394740 0.488461 0.189480
2 0.578302 0.252990 0.131603 0.130980
2 0.848561 0.323334 0.303372 0.321667
2 0.457229 0.266240 0.142583 0.144980
2 0.646244 0.238959 0.086237 0.106042
2 0.367948 0.210885 0.057772 0.078020
2 0.309263 0.204709 0.037277 0.037542
2 0.270342 0.212990 0.031309 0.038480
2 0.328909 0.205823 0.026569 0.049145
4 0.639664 0.663566 0.719953 0.674006
5 0.676070 0.658784 0.645889 0.664442
6 0.703455 0.530635 0.594411 0.420645
7 0.723712 0.472594 0.553673 0.317062
8 0.755168 0.394740 0.488461 0.189480
3 0.578302 0.252990 0.131603 0.130980
3 0.848561 0.323334 0.303372 0.321667
3 0.457229 0.266240 0.142583 0.144980
3 0.646244 0.238959 0.086237 0.106042
3 0.367948 0.210885 0.057772 0.078020
3 0.309263 0.204709 0.037277 0.037542
3 0.270342 0.212990 0.031309 0.038480
3 0.328909 0.205823 0.026569 0.049145
3 0.639664 0.663566 0.719953 0.674006
4 0.676070 0.658784 0.645889 0.664442
5 0.703455 0.530635 0.594411 0.420645
6 0.723712 0.472594 0.553673 0.317062
7 0.755168 0.394740 0.488461 0.189480
2 0.578302 0.252990 0.131603 0.130980
2 0.848561 0.323334 0.303372 0.321667
2 0.457229 0.266240 0.142583 0.144980
2 0.646244 0.238959 0.086237 0.106042
2 0.367948 0.210885 0.057772 0.078020
2 0.309263 0.204709 0.037277 0.037542
2 0.270342 0.212990 0.031309 0.038480
2 0.328909 0.205823 0.026569 0.049145
3 0.639664 0.663566 0.719953 0.674006
4 0.676070 0.658784 0.645889 0.664442
5 0.703455 0.530635 0.594411 0.420645
6 0.723712 0.472594 0.553673 0.317062
7 0.755168 0.394740 0.488461 0.189480
2 0.578302 0.252990 0.131603 0.130980
2 0.848561 0.323334 0.303372 0.321667
2 0.457229 0.266240 0.142583 0.144980
2 0.646244 0.238959 0.086237 0.106042
2 0.367948 0.210885 0.057772 0.078020
2 0.309263 0.204709 0.037277 0.037542
2 0.270342 0.212990 0.031309 0.038480
2 0.328909 0.205823 0.026569 0.049145
3 0.639664 0.663566 0.719953 0.674006
4 0.676070 0.658784 0.645889 0.664442
5 0.703455 0.530635 0.594411 0.420645
6 0.723712 0.472594 0.553673 0.317062
7 0.755168 0.394740 0.488461 0.189480
2 0.578302 0.252990 0.131603 0.130980
2 0.848561 0.323334 0.303372 0.321667
2 0.457229 0.266240 0.142583 0.144980
2 0.646244 0.238959 0.086237 0.106042
2 0.367948 0.210885 0.057772 0.078020
2 0.309263 0.204709 0.037277 0.037542
2 0.270342 0.212990 0.031309 0.038480
2 0.328909 0.205823 0.026569 0.049145
