3 0.6396640625 0.663565625 0.719953125 0.6740062499999999
4 0.67606953125 0.65878359375 0.6458890625 0.6644421875
5 0.70345546875 0.53063515625 0.5944109375 0.42064531250000003
6 0.72371171875 0.47455625 0.5536734375 0.31161249999999996
7 0.7510625 0.44572031249999994 0.499 0.235190625
2 0.2901359375 0.30691640625 0.042771875 0.0450828125
2 0.35090781249999997 0.303875 0.039315625 0.051500000000000004
2 0.45655625000000005 0.29822890625 0.0443625 0.055832812499999995
2 0.4956015625 0.2976875 0.044328125 0.051625
2 0.39597890625 0.30610390625 0.0325828125 0.040332812499999995
3 0.6396640625 0.663565625 0.719953125 0.6740062499999999
4 0.67606953125 0.65878359375 0.6458890625 0.6644421875
5 0.70345546875 0.53063515625 0.5944109375 0.42064531250000003
6 0.72371171875 0.47455625 0.5536734375 0.31161249999999996
7 0.7510625 0.44572031249999994 0.499 0.235190625
2 0.2901359375 0.30691640625 0.042771875 0.0450828125
2 0.35090781249999997 0.303875 0.039315625 0.051500000000000004
2 0.45655625000000005 0.29822890625 0.0443625 0.055832812499999995
2 0.4956015625 0.2976875 0.044328125 0.051625
2 0.39597890625 0.30610390625 0.0325828125 0.040332812499999995
3 0.639664 0.663566 0.719953 0.674006
4 0.676070 0.658784 0.645889 0.664442
5 0.703455 0.530635 0.594411 0.420645
6 0.723712 0.474556 0.553673 0.311612
7 0.751062 0.445720 0.499000 0.235191
2 0.290136 0.306916 0.042772 0.045083
2 0.350908 0.303875 0.039316 0.051500
2 0.456556 0.298229 0.044362 0.055833
2 0.495602 0.297687 0.044328 0.051625
2 0.395979 0.306104 0.032583 0.040333
3 0.639664 0.663566 0.719953 0.674006
4 0.676070 0.658784 0.645889 0.664442
5 0.703455 0.530635 0.594411 0.420645
6 0.723712 0.474556 0.553673 0.311612
7 0.751062 0.445720 0.499000 0.235191
2 0.290136 0.306916 0.042772 0.045083
2 0.350908 0.303875 0.039316 0.051500
2 0.456556 0.298229 0.044362 0.055833
2 0.495602 0.297687 0.044328 0.051625
2 0.395979 0.306104 0.032583 0.040333
4 0.639664 0.663566 0.719953 0.674006
5 0.676070 0.658784 0.645889 0.664442
6 0.703455 0.530635 0.594411 0.420645
7 0.723712 0.474556 0.553673 0.311612
8 0.751062 0.445720 0.499000 0.235191
3 0.290136 0.306916 0.042772 0.045083
3 0.350908 0.303875 0.039316 0.051500
3 0.456556 0.298229 0.044362 0.055833
3 0.495602 0.297687 0.044328 0.051625
3 0.395979 0.306104 0.032583 0.040333
3 0.639664 0.663566 0.719953 0.674006
4 0.676070 0.658784 0.645889 0.664442
5 0.703455 0.530635 0.594411 0.420645
6 0.723712 0.474556 0.553673 0.311612
7 0.751062 0.445720 0.499000 0.235191
2 0.290136 0.306916 0.042772 0.045083
2 0.350908 0.303875 0.039316 0.051500
2 0.456556 0.298229 0.044362 0.055833
2 0.495602 0.297687 0.044328 0.051625
2 0.395979 0.306104 0.032583 0.040333
3 0.639664 0.663566 0.719953 0.674006
4 0.676070 0.658784 0.645889 0.664442
5 0.703455 0.530635 0.594411 0.420645
6 0.723712 0.474556 0.553673 0.311612
7 0.751062 0.445720 0.499000 0.235191
2 0.290136 0.306916 0.042772 0.045083
2 0.350908 0.303875 0.039316 0.051500
2 0.456556 0.298229 0.044362 0.055833
2 0.495602 0.297687 0.044328 0.051625
2 0.395979 0.306104 0.032583 0.040333
3 0.639664 0.663566 0.719953 0.674006
4 0.676070 0.658784 0.645889 0.664442
5 0.703455 0.530635 0.594411 0.420645
6 0.723712 0.474556 0.553673 0.311612
7 0.751062 0.445720 0.499000 0.235191
2 0.290136 0.306916 0.042772 0.045083
2 0.350908 0.303875 0.039316 0.051500
2 0.456556 0.298229 0.044362 0.055833
2 0.495602 0.297687 0.044328 0.051625
2 0.395979 0.306104 0.032583 0.040333
