3 0.6396640625 0.663565625 0.719953125 0.6740062499999999
4 0.67606953125 0.65878359375 0.6458890625 0.6644421875
5 0.70345546875 0.53063515625 0.5944109375 0.42064531250000003
6 0.72371171875 0.47259375 0.5536734375 0.31706249999999997
7 0.75516796875 0.39473984375 0.4884609375 0.1894796875
2 0.7054484375000001 0.25973984375 0.135896875 0.1444796875
2 0.31367890625 0.24736484375 0.0586078125 0.0728546875
2 0.49444609375 0.2706875 0.10451718750000001 0.11325
2 0.420571875 0.25054140625 0.05989375 0.0729578125
2 0.8635375 0.34333359375 0.270825 0.30229218750000003
2 0.24860234375 0.22441640624999998 0.0440796875 0.0425828125
2 0.0618515625 0.21726015625 0.061203125000000004 0.0376453125
3 0.6396640625 0.663565625 0.719953125 0.6740062499999999
4 0.67606953125 0.65878359375 0.6458890625 0.6644421875
5 0.70345546875 0.53063515625 0.5944109375 0.42064531250000003
6 0.72371171875 0.47259375 0.5536734375 0.31706249999999997
7 0.75516796875 0.39473984375 0.4884609375 0.1894796875
2 0.7054484375000001 0.25973984375 0.135896875 0.1444796875
2 0.31367890625 0.24736484375 0.0586078125 0.0728546875
2 0.49444609375 0.2706875 0.10451718750000001 0.11325
2 0.420571875 0.25054140625 0.05989375 0.0729578125
2 0.8635375 0.34333359375 0.270825 0.30229218750000003
2 0.24860234375 0.22441640624999998 0.0440796875 0.0425828125
2 0.0618515625 0.21726015625 0.061203125000000004 0.0376453125
3 0.639664 0.663566 0.719953 0.674006
4 0.676070 0.658784 0.645889 0.664442
5 0.703455 0.530635 0.594411 0.420645
6 0.723712 0.472594 0.553673 0.317062
7 0.755168 0.394740 0.488461 0.189480
2 0.705448 0.259740 0.135897 0.144480
2 0.313679 0.247365 0.058608 0.072855
2 0.494446 0.270688 0.104517 0.113250
2 0.420572 0.250541 0.059894 0.072958
2 0.863537 0.343334 0.270825 0.302292
2 0.248602 0.224416 0.044080 0.042583
2 0.061852 0.217260 0.061203 0.037645
3 0.639664 0.663566 0.719953 0.674006
4 0.676070 0.658784 0.645889 0.664442
5 0.703455 0.530635 0.594411 0.420645
6 0.723712 0.472594 0.553673 0.317062
7 0.755168 0.394740 0.488461 0.189480
2 0.705448 0.259740 0.135897 0.144480
2 0.313679 0.247365 0.058608 0.072855
2 0.494446 0.270688 0.104517 0.113250
2 0.420572 0.250541 0.059894 0.072958
2 0.863537 0.343334 0.270825 0.302292
2 0.248602 0.224416 0.044080 0.042583
2 0.061852 0.217260 0.061203 0.037645
4 0.639664 0.663566 0.719953 0.674006
5 0.676070 0.658784 0.645889 0.664442
6 0.703455 0.530635 0.594411 0.420645
7 0.723712 0.472594 0.553673 0.317062
8 0.755168 0.394740 0.488461 0.189480
3 0.705448 0.259740 0.135897 0.144480
3 0.313679 0.247365 0.058608 0.072855
3 0.494446 0.270688 0.104517 0.113250
3 0.420572 0.250541 0.059894 0.072958
3 0.863537 0.343334 0.270825 0.302292
3 0.248602 0.224416 0.044080 0.042583
3 0.061852 0.217260 0.061203 0.037645
3 0.639664 0.663566 0.719953 0.674006
4 0.676070 0.658784 0.645889 0.664442
5 0.703455 0.530635 0.594411 0.420645
6 0.723712 0.472594 0.553673 0.317062
7 0.755168 0.394740 0.488461 0.189480
2 0.705448 0.259740 0.135897 0.144480
2 0.313679 0.247365 0.058608 0.072855
2 0.494446 0.270688 0.104517 0.113250
2 0.420572 0.250541 0.059894 0.072958
2 0.863537 0.343334 0.270825 0.302292
2 0.248602 0.224416 0.044080 0.042583
2 0.061852 0.217260 0.061203 0.037645
3 0.639664 0.663566 0.719953 0.674006
4 0.676070 0.658784 0.645889 0.664442
5 0.703455 0.530635 0.594411 0.420645
6 0.723712 0.472594 0.553673 0.317062
7 0.755168 0.394740 0.488461 0.189480
2 0.705448 0.259740 0.135897 0.144480
2 0.313679 0.247365 0.058608 0.072855
2 0.494446 0.270688 0.104517 0.113250
2 0.420572 0.250541 0.059894 0.072958
2 0.863537 0.343334 0.270825 0.302292
2 0.248602 0.224416 0.044080 0.042583
2 0.061852 0.217260 0.061203 0.037645
3 0.639664 0.663566 0.719953 0.674006
4 0.676070 0.658784 0.645889 0.664442
5 0.703455 0.530635 0.594411 0.420645
6 0.723712 0.472594 0.553673 0.317062
7 0.755168 0.394740 0.488461 0.189480
2 0.705448 0.259740 0.135897 0.144480
2 0.313679 0.247365 0.058608 0.072855
2 0.494446 0.270688 0.104517 0.113250
2 0.420572 0.250541 0.059894 0.072958
2 0.863537 0.343334 0.270825 0.302292
2 0.248602 0.224416 0.044080 0.042583
2 0.061852 0.217260 0.061203 0.037645
