3 0.6396640625 0.663565625 0.719953125 0.6740062499999999
4 0.67606953125 0.65878359375 0.6458890625 0.6644421875
5 0.70345546875 0.53063515625 0.5944109375 0.42064531250000003
6 0.72371171875 0.47259375 0.5536734375 0.31706249999999997
7 0.75516796875 0.39473984375 0.4884609375 0.1894796875
2 0.8828304687499999 0.35688515625 0.2344109375 0.1887703125
9 0.60655625 0.33144765625 0.15061249999999998 0.1441453125
2 0.8033140624999999 0.26890625 0.097253125 0.06593750000000001
2 0.5036734375 0.27591640625 0.063596875 0.0549578125
2 0.39839609375 0.26848984375 0.0467921875 0.0557296875
2 0.42991718749999996 0.27340624999999996 0.031709375 0.0374375
0 0.3174703125 0.31419765625 0.034940624999999996 0.09402031250000001
2 0.2813328125 0.2693125 0.037665625 0.057374999999999995
2 0.45498203125 0.27255234375000004 0.0224640625 0.023229687500000002
0 0.54165703125 0.43759375 0.1176890625 0.3126875
2 0.07714609375 0.25369765625 0.0574171875 0.0480203125
2 0.35563124999999995 0.26555234375 0.042512499999999995 0.059229687499999996
2 0.25847890625000003 0.26565625000000004 0.026332812500000004 0.0406875
2 0.44972265624999996 0.27272890625 0.0244453125 0.0298328125
3 0.6396640625 0.663565625 0.719953125 0.6740062499999999
4 0.67606953125 0.65878359375 0.6458890625 0.6644421875
5 0.70345546875 0.53063515625 0.5944109375 0.42064531250000003
6 0.72371171875 0.47259375 0.5536734375 0.31706249999999997
7 0.75516796875 0.39473984375 0.4884609375 0.1894796875
2 0.8828304687499999 0.35688515625 0.2344109375 0.1887703125
9 0.60655625 0.33144765625 0.15061249999999998 0.1441453125
2 0.8033140624999999 0.26890625 0.097253125 0.06593750000000001
2 0.5036734375 0.27591640625 0.063596875 0.0549578125
2 0.39839609375 0.26848984375 0.0467921875 0.0557296875
2 0.42991718749999996 0.27340624999999996 0.031709375 0.0374375
0 0.3174703125 0.31419765625 0.034940624999999996 0.09402031250000001
2 0.2813328125 0.2693125 0.037665625 0.057374999999999995
2 0.45498203125 0.27255234375000004 0.0224640625 0.023229687500000002
0 0.54165703125 0.43759375 0.1176890625 0.3126875
2 0.07714609375 0.25369765625 0.0574171875 0.0480203125
2 0.35563124999999995 0.26555234375 0.042512499999999995 0.059229687499999996
2 0.25847890625000003 0.26565625000000004 0.026332812500000004 0.0406875
2 0.44972265624999996 0.27272890625 0.0244453125 0.0298328125
3 0.639664 0.663566 0.719953 0.674006
4 0.676070 0.658784 0.645889 0.664442
5 0.703455 0.530635 0.594411 0.420645
6 0.723712 0.472594 0.553673 0.317062
7 0.755168 0.394740 0.488461 0.189480
2 0.882830 0.356885 0.234411 0.188770
9 0.606556 0.331448 0.150612 0.144145
2 0.803314 0.268906 0.097253 0.065938
2 0.503673 0.275916 0.063597 0.054958
2 0.398396 0.268490 0.046792 0.055730
2 0.429917 0.273406 0.031709 0.037437
0 0.317470 0.314198 0.034941 0.094020
2 0.281333 0.269313 0.037666 0.057375
2 0.454982 0.272552 0.022464 0.023230
0 0.541657 0.437594 0.117689 0.312688
2 0.077146 0.253698 0.057417 0.048020
2 0.355631 0.265552 0.042512 0.059230
2 0.258479 0.265656 0.026333 0.040688
2 0.449723 0.272729 0.024445 0.029833
3 0.639664 0.663566 0.719953 0.674006
4 0.676070 0.658784 0.645889 0.664442
5 0.703455 0.530635 0.594411 0.420645
6 0.723712 0.472594 0.553673 0.317062
7 0.755168 0.394740 0.488461 0.189480
2 0.882830 0.356885 0.234411 0.188770
9 0.606556 0.331448 0.150612 0.144145
2 0.803314 0.268906 0.097253 0.065938
2 0.503673 0.275916 0.063597 0.054958
2 0.398396 0.268490 0.046792 0.055730
2 0.429917 0.273406 0.031709 0.037437
0 0.317470 0.314198 0.034941 0.094020
2 0.281333 0.269313 0.037666 0.057375
2 0.454982 0.272552 0.022464 0.023230
0 0.541657 0.437594 0.117689 0.312688
2 0.077146 0.253698 0.057417 0.048020
2 0.355631 0.265552 0.042512 0.059230
2 0.258479 0.265656 0.026333 0.040688
2 0.449723 0.272729 0.024445 0.029833
4 0.639664 0.663566 0.719953 0.674006
5 0.676070 0.658784 0.645889 0.664442
6 0.703455 0.530635 0.594411 0.420645
7 0.723712 0.472594 0.553673 0.317062
8 0.755168 0.394740 0.488461 0.189480
3 0.882830 0.356885 0.234411 0.188770
10 0.606556 0.331448 0.150612 0.144145
3 0.803314 0.268906 0.097253 0.065938
3 0.503673 0.275916 0.063597 0.054958
3 0.398396 0.268490 0.046792 0.055730
3 0.429917 0.273406 0.031709 0.037437
1 0.317470 0.314198 0.034941 0.094020
3 0.281333 0.269313 0.037666 0.057375
3 0.454982 0.272552 0.022464 0.023230
1 0.541657 0.437594 0.117689 0.312688
3 0.077146 0.253698 0.057417 0.048020
3 0.355631 0.265552 0.042512 0.059230
3 0.258479 0.265656 0.026333 0.040688
3 0.449723 0.272729 0.024445 0.029833
3 0.639664 0.663566 0.719953 0.674006
4 0.676070 0.658784 0.645889 0.664442
5 0.703455 0.530635 0.594411 0.420645
6 0.723712 0.472594 0.553673 0.317062
7 0.755168 0.394740 0.488461 0.189480
2 0.882830 0.356885 0.234411 0.188770
9 0.606556 0.331448 0.150612 0.144145
2 0.803314 0.268906 0.097253 0.065938
2 0.503673 0.275916 0.063597 0.054958
2 0.398396 0.268490 0.046792 0.055730
2 0.429917 0.273406 0.031709 0.037437
0 0.317470 0.314198 0.034941 0.094020
2 0.281333 0.269313 0.037666 0.057375
2 0.454982 0.272552 0.022464 0.023230
0 0.541657 0.437594 0.117689 0.312688
2 0.077146 0.253698 0.057417 0.048020
2 0.355631 0.265552 0.042512 0.059230
2 0.258479 0.265656 0.026333 0.040688
2 0.449723 0.272729 0.024445 0.029833
3 0.639664 0.663566 0.719953 0.674006
4 0.676070 0.658784 0.645889 0.664442
5 0.703455 0.530635 0.594411 0.420645
6 0.723712 0.472594 0.553673 0.317062
7 0.755168 0.394740 0.488461 0.189480
2 0.882830 0.356885 0.234411 0.188770
9 0.606556 0.331448 0.150612 0.144145
2 0.803314 0.268906 0.097253 0.065938
2 0.503673 0.275916 0.063597 0.054958
2 0.398396 0.268490 0.046792 0.055730
2 0.429917 0.273406 0.031709 0.037437
0 0.317470 0.314198 0.034941 0.094020
2 0.281333 0.269313 0.037666 0.057375
2 0.454982 0.272552 0.022464 0.023230
0 0.541657 0.437594 0.117689 0.312688
2 0.077146 0.253698 0.057417 0.048020
2 0.355631 0.265552 0.042512 0.059230
2 0.258479 0.265656 0.026333 0.040688
2 0.449723 0.272729 0.024445 0.029833
3 0.639664 0.663566 0.719953 0.674006
4 0.676070 0.658784 0.645889 0.664442
5 0.703455 0.530635 0.594411 0.420645
6 0.723712 0.472594 0.553673 0.317062
7 0.755168 0.394740 0.488461 0.189480
2 0.882830 0.356885 0.234411 0.188770
9 0.606556 0.331448 0.150612 0.144145
2 0.803314 0.268906 0.097253 0.065938
2 0.503673 0.275916 0.063597 0.054958
2 0.398396 0.268490 0.046792 0.055730
2 0.429917 0.273406 0.031709 0.037437
0 0.317470 0.314198 0.034941 0.094020
2 0.281333 0.269313 0.037666 0.057375
2 0.454982 0.272552 0.022464 0.023230
0 0.541657 0.437594 0.117689 0.312688
2 0.077146 0.253698 0.057417 0.048020
2 0.355631 0.265552 0.042512 0.059230
2 0.258479 0.265656 0.026333 0.040688
2 0.449723 0.272729 0.024445 0.029833
