3 0.6396640625 0.663565625 0.719953125 0.6740062499999999
4 0.67606953125 0.65878359375 0.6458890625 0.6644421875
5 0.70345546875 0.53063515625 0.5944109375 0.42064531250000003
6 0.72371171875 0.47259375 0.5536734375 0.31706249999999997
7 0.75516796875 0.39473984375 0.4884609375 0.1894796875
2 0.7184609375 0.41465625 0.380671875 0.34181249999999996
2 0.2425 0.22689609375000003 0.0225 0.0256671875
2 0.9429921875 0.33785390625 0.114109375 0.21945781250000002
2 0.32650390625000003 0.24488515624999999 0.053007812499999994 0.0397703125
2 0.15205156250000001 0.22986484375 0.032228125 0.0222296875
2 0.264009375 0.22665625 0.015518750000000001 0.0220625
2 0.497765625 0.24847890625 0.054906250000000004 0.0407078125
2 0.06102578125 0.22760390625 0.053301562499999997 0.039582812499999995
2 0.25656249999999997 0.22161484375 0.028749999999999998 0.0338546875
3 0.6396640625 0.663565625 0.719953125 0.6740062499999999
4 0.67606953125 0.65878359375 0.6458890625 0.6644421875
5 0.70345546875 0.53063515625 0.5944109375 0.42064531250000003
6 0.72371171875 0.47259375 0.5536734375 0.31706249999999997
7 0.75516796875 0.39473984375 0.4884609375 0.1894796875
2 0.7184609375 0.41465625 0.380671875 0.34181249999999996
2 0.2425 0.22689609375000003 0.0225 0.0256671875
2 0.9429921875 0.33785390625 0.114109375 0.21945781250000002
2 0.32650390625000003 0.24488515624999999 0.053007812499999994 0.0397703125
2 0.15205156250000001 0.22986484375 0.032228125 0.0222296875
2 0.264009375 0.22665625 0.015518750000000001 0.0220625
2 0.497765625 0.24847890625 0.054906250000000004 0.0407078125
2 0.06102578125 0.22760390625 0.053301562499999997 0.039582812499999995
2 0.25656249999999997 0.22161484375 0.028749999999999998 0.0338546875
3 0.639664 0.663566 0.719953 0.674006
4 0.676070 0.658784 0.645889 0.664442
5 0.703455 0.530635 0.594411 0.420645
6 0.723712 0.472594 0.553673 0.317062
7 0.755168 0.394740 0.488461 0.189480
2 0.718461 0.414656 0.380672 0.341812
2 0.242500 0.226896 0.022500 0.025667
2 0.942992 0.337854 0.114109 0.219458
2 0.326504 0.244885 0.053008 0.039770
2 0.152052 0.229865 0.032228 0.022230
2 0.264009 0.226656 0.015519 0.022062
2 0.497766 0.248479 0.054906 0.040708
2 0.061026 0.227604 0.053302 0.039583
2 0.256562 0.221615 0.028750 0.033855
3 0.639664 0.663566 0.719953 0.674006
4 0.676070 0.658784 0.645889 0.664442
5 0.703455 0.530635 0.594411 0.420645
6 0.723712 0.472594 0.553673 0.317062
7 0.755168 0.394740 0.488461 0.189480
2 0.718461 0.414656 0.380672 0.341812
2 0.242500 0.226896 0.022500 0.025667
2 0.942992 0.337854 0.114109 0.219458
2 0.326504 0.244885 0.053008 0.039770
2 0.152052 0.229865 0.032228 0.022230
2 0.264009 0.226656 0.015519 0.022062
2 0.497766 0.248479 0.054906 0.040708
2 0.061026 0.227604 0.053302 0.039583
2 0.256562 0.221615 0.028750 0.033855
4 0.639664 0.663566 0.719953 0.674006
5 0.676070 0.658784 0.645889 0.664442
6 0.703455 0.530635 0.594411 0.420645
7 0.723712 0.472594 0.553673 0.317062
8 0.755168 0.394740 0.488461 0.189480
3 0.718461 0.414656 0.380672 0.341812
3 0.242500 0.226896 0.022500 0.025667
3 0.942992 0.337854 0.114109 0.219458
3 0.326504 0.244885 0.053008 0.039770
3 0.152052 0.229865 0.032228 0.022230
3 0.264009 0.226656 0.015519 0.022062
3 0.497766 0.248479 0.054906 0.040708
3 0.061026 0.227604 0.053302 0.039583
3 0.256562 0.221615 0.028750 0.033855
3 0.639664 0.663566 0.719953 0.674006
4 0.676070 0.658784 0.645889 0.664442
5 0.703455 0.530635 0.594411 0.420645
6 0.723712 0.472594 0.553673 0.317062
7 0.755168 0.394740 0.488461 0.189480
2 0.718461 0.414656 0.380672 0.341812
2 0.242500 0.226896 0.022500 0.025667
2 0.942992 0.337854 0.114109 0.219458
2 0.326504 0.244885 0.053008 0.039770
2 0.152052 0.229865 0.032228 0.022230
2 0.264009 0.226656 0.015519 0.022062
2 0.497766 0.248479 0.054906 0.040708
2 0.061026 0.227604 0.053302 0.039583
2 0.256562 0.221615 0.028750 0.033855
3 0.639664 0.663566 0.719953 0.674006
4 0.676070 0.658784 0.645889 0.664442
5 0.703455 0.530635 0.594411 0.420645
6 0.723712 0.472594 0.553673 0.317062
7 0.755168 0.394740 0.488461 0.189480
2 0.718461 0.414656 0.380672 0.341812
2 0.242500 0.226896 0.022500 0.025667
2 0.942992 0.337854 0.114109 0.219458
2 0.326504 0.244885 0.053008 0.039770
2 0.152052 0.229865 0.032228 0.022230
2 0.264009 0.226656 0.015519 0.022062
2 0.497766 0.248479 0.054906 0.040708
2 0.061026 0.227604 0.053302 0.039583
2 0.256562 0.221615 0.028750 0.033855
3 0.639664 0.663566 0.719953 0.674006
4 0.676070 0.658784 0.645889 0.664442
5 0.703455 0.530635 0.594411 0.420645
6 0.723712 0.472594 0.553673 0.317062
7 0.755168 0.394740 0.488461 0.189480
2 0.718461 0.414656 0.380672 0.341812
2 0.242500 0.226896 0.022500 0.025667
2 0.942992 0.337854 0.114109 0.219458
2 0.326504 0.244885 0.053008 0.039770
2 0.152052 0.229865 0.032228 0.022230
2 0.264009 0.226656 0.015519 0.022062
2 0.497766 0.248479 0.054906 0.040708
2 0.061026 0.227604 0.053302 0.039583
2 0.256562 0.221615 0.028750 0.033855
