3 0.6396640625 0.663565625 0.719953125 0.6740062499999999
4 0.67606953125 0.65878359375 0.6458890625 0.6644421875
5 0.70345546875 0.53063515625 0.5944109375 0.42064531250000003
6 0.72371171875 0.47259375 0.5536734375 0.31706249999999997
7 0.75516796875 0.39473984375 0.4884609375 0.1894796875
2 0.80271796875 0.32104140625 0.2335609375 0.1983328125
2 0.53279453125 0.33667734375 0.1999640625 0.21397968750000002
2 0.25656875 0.22388515625 0.022512499999999998 0.0290203125
2 0.31084921875 0.24206249999999999 0.0529484375 0.0435
2 0.15430390625 0.22952109375 0.0304828125 0.0246671875
3 0.6396640625 0.663565625 0.719953125 0.6740062499999999
4 0.67606953125 0.65878359375 0.6458890625 0.6644421875
5 0.70345546875 0.53063515625 0.5944109375 0.42064531250000003
6 0.72371171875 0.47259375 0.5536734375 0.31706249999999997
7 0.75516796875 0.39473984375 0.4884609375 0.1894796875
2 0.80271796875 0.32104140625 0.2335609375 0.1983328125
2 0.53279453125 0.33667734375 0.1999640625 0.21397968750000002
2 0.25656875 0.22388515625 0.022512499999999998 0.0290203125
2 0.31084921875 0.24206249999999999 0.0529484375 0.0435
2 0.15430390625 0.22952109375 0.0304828125 0.0246671875
3 0.639664 0.663566 0.719953 0.674006
4 0.676070 0.658784 0.645889 0.664442
5 0.703455 0.530635 0.594411 0.420645
6 0.723712 0.472594 0.553673 0.317062
7 0.755168 0.394740 0.488461 0.189480
2 0.802718 0.321041 0.233561 0.198333
2 0.532795 0.336677 0.199964 0.213980
2 0.256569 0.223885 0.022512 0.029020
2 0.310849 0.242062 0.052948 0.043500
2 0.154304 0.229521 0.030483 0.024667
3 0.639664 0.663566 0.719953 0.674006
4 0.676070 0.658784 0.645889 0.664442
5 0.703455 0.530635 0.594411 0.420645
6 0.723712 0.472594 0.553673 0.317062
7 0.755168 0.394740 0.488461 0.189480
2 0.802718 0.321041 0.233561 0.198333
2 0.532795 0.336677 0.199964 0.213980
2 0.256569 0.223885 0.022512 0.029020
2 0.310849 0.242062 0.052948 0.043500
2 0.154304 0.229521 0.030483 0.024667
4 0.639664 0.663566 0.719953 0.674006
5 0.676070 0.658784 0.645889 0.664442
6 0.703455 0.530635 0.594411 0.420645
7 0.723712 0.472594 0.553673 0.317062
8 0.755168 0.394740 0.488461 0.189480
3 0.802718 0.321041 0.233561 0.198333
3 0.532795 0.336677 0.199964 0.213980
3 0.256569 0.223885 0.022512 0.029020
3 0.310849 0.242062 0.052948 0.043500
3 0.154304 0.229521 0.030483 0.024667
3 0.639664 0.663566 0.719953 0.674006
4 0.676070 0.658784 0.645889 0.664442
5 0.703455 0.530635 0.594411 0.420645
6 0.723712 0.472594 0.553673 0.317062
7 0.755168 0.394740 0.488461 0.189480
2 0.802718 0.321041 0.233561 0.198333
2 0.532795 0.336677 0.199964 0.213980
2 0.256569 0.223885 0.022512 0.029020
2 0.310849 0.242062 0.052948 0.043500
2 0.154304 0.229521 0.030483 0.024667
3 0.639664 0.663566 0.719953 0.674006
4 0.676070 0.658784 0.645889 0.664442
5 0.703455 0.530635 0.594411 0.420645
6 0.723712 0.472594 0.553673 0.317062
7 0.755168 0.394740 0.488461 0.189480
2 0.802718 0.321041 0.233561 0.198333
2 0.532795 0.336677 0.199964 0.213980
2 0.256569 0.223885 0.022512 0.029020
2 0.310849 0.242062 0.052948 0.043500
2 0.154304 0.229521 0.030483 0.024667
3 0.639664 0.663566 0.719953 0.674006
4 0.676070 0.658784 0.645889 0.664442
5 0.703455 0.530635 0.594411 0.420645
6 0.723712 0.472594 0.553673 0.317062
7 0.755168 0.394740 0.488461 0.189480
2 0.802718 0.321041 0.233561 0.198333
2 0.532795 0.336677 0.199964 0.213980
2 0.256569 0.223885 0.022512 0.029020
2 0.310849 0.242062 0.052948 0.043500
2 0.154304 0.229521 0.030483 0.024667
