3 0.6396640625 0.663565625 0.719953125 0.6740062499999999
4 0.67606953125 0.65878359375 0.6458890625 0.6644421875
5 0.70345546875 0.53063515625 0.5944109375 0.42064531250000003
6 0.72371171875 0.47259375 0.5536734375 0.31706249999999997
7 0.75516796875 0.39473984375 0.4884609375 0.1894796875
2 0.4840328125 0.30310390625 0.183690625 0.1905828125
2 0.343796875 0.22783359375 0.08134375 0.11504218749999999
2 0.25270625 0.21329140624999998 0.0272875 0.0328328125
2 0.4185203125 0.22028124999999998 0.077665625 0.0718125
2 0.9502242187500001 0.36103125 0.0973234375 0.3751875
2 0.066096875 0.21023984375 0.06031875 0.0486046875
2 0.609634375 0.2435625 0.08176875 0.09962499999999999
3 0.6396640625 0.663565625 0.719953125 0.6740062499999999
4 0.67606953125 0.65878359375 0.6458890625 0.6644421875
5 0.70345546875 0.53063515625 0.5944109375 0.42064531250000003
6 0.72371171875 0.47259375 0.5536734375 0.31706249999999997
7 0.75516796875 0.39473984375 0.4884609375 0.1894796875
2 0.4840328125 0.30310390625 0.183690625 0.1905828125
2 0.343796875 0.22783359375 0.08134375 0.11504218749999999
2 0.25270625 0.21329140624999998 0.0272875 0.0328328125
2 0.4185203125 0.22028124999999998 0.077665625 0.0718125
2 0.9502242187500001 0.36103125 0.0973234375 0.3751875
2 0.066096875 0.21023984375 0.06031875 0.0486046875
2 0.609634375 0.2435625 0.08176875 0.09962499999999999
3 0.639664 0.663566 0.719953 0.674006
4 0.676070 0.658784 0.645889 0.664442
5 0.703455 0.530635 0.594411 0.420645
6 0.723712 0.472594 0.553673 0.317062
7 0.755168 0.394740 0.488461 0.189480
2 0.484033 0.303104 0.183691 0.190583
2 0.343797 0.227834 0.081344 0.115042
2 0.252706 0.213291 0.027287 0.032833
2 0.418520 0.220281 0.077666 0.071813
2 0.950224 0.361031 0.097323 0.375188
2 0.066097 0.210240 0.060319 0.048605
2 0.609634 0.243562 0.081769 0.099625
3 0.639664 0.663566 0.719953 0.674006
4 0.676070 0.658784 0.645889 0.664442
5 0.703455 0.530635 0.594411 0.420645
6 0.723712 0.472594 0.553673 0.317062
7 0.755168 0.394740 0.488461 0.189480
2 0.484033 0.303104 0.183691 0.190583
2 0.343797 0.227834 0.081344 0.115042
2 0.252706 0.213291 0.027287 0.032833
2 0.418520 0.220281 0.077666 0.071813
2 0.950224 0.361031 0.097323 0.375188
2 0.066097 0.210240 0.060319 0.048605
2 0.609634 0.243562 0.081769 0.099625
4 0.639664 0.663566 0.719953 0.674006
5 0.676070 0.658784 0.645889 0.664442
6 0.703455 0.530635 0.594411 0.420645
7 0.723712 0.472594 0.553673 0.317062
8 0.755168 0.394740 0.488461 0.189480
3 0.484033 0.303104 0.183691 0.190583
3 0.343797 0.227834 0.081344 0.115042
3 0.252706 0.213291 0.027287 0.032833
3 0.418520 0.220281 0.077666 0.071813
3 0.950224 0.361031 0.097323 0.375188
3 0.066097 0.210240 0.060319 0.048605
3 0.609634 0.243562 0.081769 0.099625
3 0.639664 0.663566 0.719953 0.674006
4 0.676070 0.658784 0.645889 0.664442
5 0.703455 0.530635 0.594411 0.420645
6 0.723712 0.472594 0.553673 0.317062
7 0.755168 0.394740 0.488461 0.189480
2 0.484033 0.303104 0.183691 0.190583
2 0.343797 0.227834 0.081344 0.115042
2 0.252706 0.213291 0.027287 0.032833
2 0.418520 0.220281 0.077666 0.071813
2 0.950224 0.361031 0.097323 0.375188
2 0.066097 0.210240 0.060319 0.048605
2 0.609634 0.243562 0.081769 0.099625
3 0.639664 0.663566 0.719953 0.674006
4 0.676070 0.658784 0.645889 0.664442
5 0.703455 0.530635 0.594411 0.420645
6 0.723712 0.472594 0.553673 0.317062
7 0.755168 0.394740 0.488461 0.189480
2 0.484033 0.303104 0.183691 0.190583
2 0.343797 0.227834 0.081344 0.115042
2 0.252706 0.213291 0.027287 0.032833
2 0.418520 0.220281 0.077666 0.071813
2 0.950224 0.361031 0.097323 0.375188
2 0.066097 0.210240 0.060319 0.048605
2 0.609634 0.243562 0.081769 0.099625
3 0.639664 0.663566 0.719953 0.674006
4 0.676070 0.658784 0.645889 0.664442
5 0.703455 0.530635 0.594411 0.420645
6 0.723712 0.472594 0.553673 0.317062
7 0.755168 0.394740 0.488461 0.189480
2 0.484033 0.303104 0.183691 0.190583
2 0.343797 0.227834 0.081344 0.115042
2 0.252706 0.213291 0.027287 0.032833
2 0.418520 0.220281 0.077666 0.071813
2 0.950224 0.361031 0.097323 0.375188
2 0.066097 0.210240 0.060319 0.048605
2 0.609634 0.243562 0.081769 0.099625
