3 0.6396640625 0.663565625 0.719953125 0.6740062499999999
4 0.67606953125 0.65878359375 0.6458890625 0.6644421875
5 0.70345546875 0.53063515625 0.5944109375 0.42064531250000003
6 0.72371171875 0.47259375 0.5536734375 0.31706249999999997
7 0.75516796875 0.39473984375 0.4884609375 0.1894796875
2 0.36518281249999995 0.27986484375 0.070990625 0.0972296875
2 0.91636484375 0.33573984375 0.16710468750000002 0.2246046875
2 0.46869140624999994 0.30807265624999997 0.1467578125 0.1692703125
2 0.29323125 0.24514609375 0.0552125 0.07154218749999999
2 0.68868515625 0.31044765625 0.1054953125 0.1271453125
2 0.23480546875 0.23198984375 0.0227359375 0.029604687499999997
8 0.6118453125000001 0.3566875 0.095565625 0.2165
2 0.24027109375000003 0.23951015625 0.0242921875 0.0352703125
2 0.5759257812499999 0.28371874999999996 0.0456015625 0.0986875
2 0.25670390625 0.24746875 0.0196578125 0.044937500000000005
2 0.65912734375 0.24209375 0.0463796875 0.018562500000000003
2 0.5274351562499999 0.25746875 0.039245312500000004 0.052437500000000005
3 0.6396640625 0.663565625 0.719953125 0.6740062499999999
4 0.67606953125 0.65878359375 0.6458890625 0.6644421875
5 0.70345546875 0.53063515625 0.5944109375 0.42064531250000003
6 0.72371171875 0.47259375 0.5536734375 0.31706249999999997
7 0.75516796875 0.39473984375 0.4884609375 0.1894796875
2 0.36518281249999995 0.27986484375 0.070990625 0.0972296875
2 0.91636484375 0.33573984375 0.16710468750000002 0.2246046875
2 0.46869140624999994 0.30807265624999997 0.1467578125 0.1692703125
2 0.29323125 0.24514609375 0.0552125 0.07154218749999999
2 0.68868515625 0.31044765625 0.1054953125 0.1271453125
2 0.23480546875 0.23198984375 0.0227359375 0.029604687499999997
8 0.6118453125000001 0.3566875 0.095565625 0.2165
2 0.24027109375000003 0.23951015625 0.0242921875 0.0352703125
2 0.5759257812499999 0.28371874999999996 0.0456015625 0.0986875
2 0.25670390625 0.24746875 0.0196578125 0.044937500000000005
2 0.65912734375 0.24209375 0.0463796875 0.018562500000000003
2 0.5274351562499999 0.25746875 0.039245312500000004 0.052437500000000005
3 0.639664 0.663566 0.719953 0.674006
4 0.676070 0.658784 0.645889 0.664442
5 0.703455 0.530635 0.594411 0.420645
6 0.723712 0.472594 0.553673 0.317062
7 0.755168 0.394740 0.488461 0.189480
2 0.365183 0.279865 0.070991 0.097230
2 0.916365 0.335740 0.167105 0.224605
2 0.468691 0.308073 0.146758 0.169270
2 0.293231 0.245146 0.055212 0.071542
2 0.688685 0.310448 0.105495 0.127145
2 0.234805 0.231990 0.022736 0.029605
8 0.611845 0.356687 0.095566 0.216500
2 0.240271 0.239510 0.024292 0.035270
2 0.575926 0.283719 0.045602 0.098687
2 0.256704 0.247469 0.019658 0.044938
2 0.659127 0.242094 0.046380 0.018563
2 0.527435 0.257469 0.039245 0.052438
3 0.639664 0.663566 0.719953 0.674006
4 0.676070 0.658784 0.645889 0.664442
5 0.703455 0.530635 0.594411 0.420645
6 0.723712 0.472594 0.553673 0.317062
7 0.755168 0.394740 0.488461 0.189480
2 0.365183 0.279865 0.070991 0.097230
2 0.916365 0.335740 0.167105 0.224605
2 0.468691 0.308073 0.146758 0.169270
2 0.293231 0.245146 0.055212 0.071542
2 0.688685 0.310448 0.105495 0.127145
2 0.234805 0.231990 0.022736 0.029605
8 0.611845 0.356687 0.095566 0.216500
2 0.240271 0.239510 0.024292 0.035270
2 0.575926 0.283719 0.045602 0.098687
2 0.256704 0.247469 0.019658 0.044938
2 0.659127 0.242094 0.046380 0.018563
2 0.527435 0.257469 0.039245 0.052438
4 0.639664 0.663566 0.719953 0.674006
5 0.676070 0.658784 0.645889 0.664442
6 0.703455 0.530635 0.594411 0.420645
7 0.723712 0.472594 0.553673 0.317062
8 0.755168 0.394740 0.488461 0.189480
3 0.365183 0.279865 0.070991 0.097230
3 0.916365 0.335740 0.167105 0.224605
3 0.468691 0.308073 0.146758 0.169270
3 0.293231 0.245146 0.055212 0.071542
3 0.688685 0.310448 0.105495 0.127145
3 0.234805 0.231990 0.022736 0.029605
9 0.611845 0.356687 0.095566 0.216500
3 0.240271 0.239510 0.024292 0.035270
3 0.575926 0.283719 0.045602 0.098687
3 0.256704 0.247469 0.019658 0.044938
3 0.659127 0.242094 0.046380 0.018563
3 0.527435 0.257469 0.039245 0.052438
3 0.639664 0.663566 0.719953 0.674006
4 0.676070 0.658784 0.645889 0.664442
5 0.703455 0.530635 0.594411 0.420645
6 0.723712 0.472594 0.553673 0.317062
7 0.755168 0.394740 0.488461 0.189480
2 0.365183 0.279865 0.070991 0.097230
2 0.916365 0.335740 0.167105 0.224605
2 0.468691 0.308073 0.146758 0.169270
2 0.293231 0.245146 0.055212 0.071542
2 0.688685 0.310448 0.105495 0.127145
2 0.234805 0.231990 0.022736 0.029605
8 0.611845 0.356687 0.095566 0.216500
2 0.240271 0.239510 0.024292 0.035270
2 0.575926 0.283719 0.045602 0.098687
2 0.256704 0.247469 0.019658 0.044938
2 0.659127 0.242094 0.046380 0.018563
2 0.527435 0.257469 0.039245 0.052438
3 0.639664 0.663566 0.719953 0.674006
4 0.676070 0.658784 0.645889 0.664442
5 0.703455 0.530635 0.594411 0.420645
6 0.723712 0.472594 0.553673 0.317062
7 0.755168 0.394740 0.488461 0.189480
2 0.365183 0.279865 0.070991 0.097230
2 0.916365 0.335740 0.167105 0.224605
2 0.468691 0.308073 0.146758 0.169270
2 0.293231 0.245146 0.055212 0.071542
2 0.688685 0.310448 0.105495 0.127145
2 0.234805 0.231990 0.022736 0.029605
8 0.611845 0.356687 0.095566 0.216500
2 0.240271 0.239510 0.024292 0.035270
2 0.575926 0.283719 0.045602 0.098687
2 0.256704 0.247469 0.019658 0.044938
2 0.659127 0.242094 0.046380 0.018563
2 0.527435 0.257469 0.039245 0.052438
3 0.639664 0.663566 0.719953 0.674006
4 0.676070 0.658784 0.645889 0.664442
5 0.703455 0.530635 0.594411 0.420645
6 0.723712 0.472594 0.553673 0.317062
7 0.755168 0.394740 0.488461 0.189480
2 0.365183 0.279865 0.070991 0.097230
2 0.916365 0.335740 0.167105 0.224605
2 0.468691 0.308073 0.146758 0.169270
2 0.293231 0.245146 0.055212 0.071542
2 0.688685 0.310448 0.105495 0.127145
2 0.234805 0.231990 0.022736 0.029605
8 0.611845 0.356687 0.095566 0.216500
2 0.240271 0.239510 0.024292 0.035270
2 0.575926 0.283719 0.045602 0.098687
2 0.256704 0.247469 0.019658 0.044938
2 0.659127 0.242094 0.046380 0.018563
2 0.527435 0.257469 0.039245 0.052438
