3 0.6396640625 0.663565625 0.719953125 0.6740062499999999
4 0.67606953125 0.65878359375 0.6458890625 0.6644421875
5 0.70345546875 0.53063515625 0.5944109375 0.42064531250000003
6 0.72371171875 0.47259375 0.5536734375 0.31706249999999997
7 0.75516796875 0.39473984375 0.4884609375 0.1894796875
2 0.71743515625 0.34719765625 0.2223703125 0.1818953125
9 0.55433359375 0.27844765625 0.11491718749999999 0.1131453125
9 0.35400390625 0.29151015625 0.0861328125 0.10177031249999999
9 0.42176875 0.27440625 0.07166249999999999 0.0831875
2 0.78571328125 0.28103125 0.09642656250000001 0.0683125
9 0.29566015625 0.26658359374999996 0.0444453125 0.0612921875
2 0.06448671875 0.24314609375 0.0570984375 0.051917187499999996
9 0.24176328125 0.25759375 0.0335265625 0.0433125
2 0.9412203124999999 0.490625 0.051190625000000003 0.05
2 0.46660390625000003 0.26568749999999997 0.0269578125 0.037625
2 0.2639625 0.264 0.0248 0.0405
2 0.49907421875 0.2629375 0.035648437500000005 0.075875
9 0.9492156250000001 0.47391640625000003 0.06718125 0.0822078125
9 0.25685156249999996 0.25959374999999996 0.041828125 0.0504375
3 0.6396640625 0.663565625 0.719953125 0.6740062499999999
4 0.67606953125 0.65878359375 0.6458890625 0.6644421875
5 0.70345546875 0.53063515625 0.5944109375 0.42064531250000003
6 0.72371171875 0.47259375 0.5536734375 0.31706249999999997
7 0.75516796875 0.39473984375 0.4884609375 0.1894796875
2 0.71743515625 0.34719765625 0.2223703125 0.1818953125
9 0.55433359375 0.27844765625 0.11491718749999999 0.1131453125
9 0.35400390625 0.29151015625 0.0861328125 0.10177031249999999
9 0.42176875 0.27440625 0.07166249999999999 0.0831875
2 0.78571328125 0.28103125 0.09642656250000001 0.0683125
9 0.29566015625 0.26658359374999996 0.0444453125 0.0612921875
2 0.06448671875 0.24314609375 0.0570984375 0.051917187499999996
9 0.24176328125 0.25759375 0.0335265625 0.0433125
2 0.9412203124999999 0.490625 0.051190625000000003 0.05
2 0.46660390625000003 0.26568749999999997 0.0269578125 0.037625
2 0.2639625 0.264 0.0248 0.0405
2 0.49907421875 0.2629375 0.035648437500000005 0.075875
9 0.9492156250000001 0.47391640625000003 0.06718125 0.0822078125
9 0.25685156249999996 0.25959374999999996 0.041828125 0.0504375
3 0.639664 0.663566 0.719953 0.674006
4 0.676070 0.658784 0.645889 0.664442
5 0.703455 0.530635 0.594411 0.420645
6 0.723712 0.472594 0.553673 0.317062
7 0.755168 0.394740 0.488461 0.189480
2 0.717435 0.347198 0.222370 0.181895
9 0.554334 0.278448 0.114917 0.113145
9 0.354004 0.291510 0.086133 0.101770
9 0.421769 0.274406 0.071662 0.083187
2 0.785713 0.281031 0.096427 0.068312
9 0.295660 0.266584 0.044445 0.061292
2 0.064487 0.243146 0.057098 0.051917
9 0.241763 0.257594 0.033527 0.043312
2 0.941220 0.490625 0.051191 0.050000
2 0.466604 0.265687 0.026958 0.037625
2 0.263962 0.264000 0.024800 0.040500
2 0.499074 0.262937 0.035648 0.075875
9 0.949216 0.473916 0.067181 0.082208
9 0.256852 0.259594 0.041828 0.050438
3 0.639664 0.663566 0.719953 0.674006
4 0.676070 0.658784 0.645889 0.664442
5 0.703455 0.530635 0.594411 0.420645
6 0.723712 0.472594 0.553673 0.317062
7 0.755168 0.394740 0.488461 0.189480
2 0.717435 0.347198 0.222370 0.181895
9 0.554334 0.278448 0.114917 0.113145
9 0.354004 0.291510 0.086133 0.101770
9 0.421769 0.274406 0.071662 0.083187
2 0.785713 0.281031 0.096427 0.068312
9 0.295660 0.266584 0.044445 0.061292
2 0.064487 0.243146 0.057098 0.051917
9 0.241763 0.257594 0.033527 0.043312
2 0.941220 0.490625 0.051191 0.050000
2 0.466604 0.265687 0.026958 0.037625
2 0.263962 0.264000 0.024800 0.040500
2 0.499074 0.262937 0.035648 0.075875
9 0.949216 0.473916 0.067181 0.082208
9 0.256852 0.259594 0.041828 0.050438
4 0.639664 0.663566 0.719953 0.674006
5 0.676070 0.658784 0.645889 0.664442
6 0.703455 0.530635 0.594411 0.420645
7 0.723712 0.472594 0.553673 0.317062
8 0.755168 0.394740 0.488461 0.189480
3 0.717435 0.347198 0.222370 0.181895
10 0.554334 0.278448 0.114917 0.113145
10 0.354004 0.291510 0.086133 0.101770
10 0.421769 0.274406 0.071662 0.083187
3 0.785713 0.281031 0.096427 0.068312
10 0.295660 0.266584 0.044445 0.061292
3 0.064487 0.243146 0.057098 0.051917
10 0.241763 0.257594 0.033527 0.043312
3 0.941220 0.490625 0.051191 0.050000
3 0.466604 0.265687 0.026958 0.037625
3 0.263962 0.264000 0.024800 0.040500
3 0.499074 0.262937 0.035648 0.075875
10 0.949216 0.473916 0.067181 0.082208
10 0.256852 0.259594 0.041828 0.050438
3 0.639664 0.663566 0.719953 0.674006
4 0.676070 0.658784 0.645889 0.664442
5 0.703455 0.530635 0.594411 0.420645
6 0.723712 0.472594 0.553673 0.317062
7 0.755168 0.394740 0.488461 0.189480
2 0.717435 0.347198 0.222370 0.181895
9 0.554334 0.278448 0.114917 0.113145
9 0.354004 0.291510 0.086133 0.101770
9 0.421769 0.274406 0.071662 0.083187
2 0.785713 0.281031 0.096427 0.068312
9 0.295660 0.266584 0.044445 0.061292
2 0.064487 0.243146 0.057098 0.051917
9 0.241763 0.257594 0.033527 0.043312
2 0.941220 0.490625 0.051191 0.050000
2 0.466604 0.265687 0.026958 0.037625
2 0.263962 0.264000 0.024800 0.040500
2 0.499074 0.262937 0.035648 0.075875
9 0.949216 0.473916 0.067181 0.082208
9 0.256852 0.259594 0.041828 0.050438
3 0.639664 0.663566 0.719953 0.674006
4 0.676070 0.658784 0.645889 0.664442
5 0.703455 0.530635 0.594411 0.420645
6 0.723712 0.472594 0.553673 0.317062
7 0.755168 0.394740 0.488461 0.189480
2 0.717435 0.347198 0.222370 0.181895
9 0.554334 0.278448 0.114917 0.113145
9 0.354004 0.291510 0.086133 0.101770
9 0.421769 0.274406 0.071662 0.083187
2 0.785713 0.281031 0.096427 0.068312
9 0.295660 0.266584 0.044445 0.061292
2 0.064487 0.243146 0.057098 0.051917
9 0.241763 0.257594 0.033527 0.043312
2 0.941220 0.490625 0.051191 0.050000
2 0.466604 0.265687 0.026958 0.037625
2 0.263962 0.264000 0.024800 0.040500
2 0.499074 0.262937 0.035648 0.075875
9 0.949216 0.473916 0.067181 0.082208
9 0.256852 0.259594 0.041828 0.050438
3 0.639664 0.663566 0.719953 0.674006
4 0.676070 0.658784 0.645889 0.664442
5 0.703455 0.530635 0.594411 0.420645
6 0.723712 0.472594 0.553673 0.317062
7 0.755168 0.394740 0.488461 0.189480
2 0.717435 0.347198 0.222370 0.181895
9 0.554334 0.278448 0.114917 0.113145
9 0.354004 0.291510 0.086133 0.101770
9 0.421769 0.274406 0.071662 0.083187
2 0.785713 0.281031 0.096427 0.068312
9 0.295660 0.266584 0.044445 0.061292
2 0.064487 0.243146 0.057098 0.051917
9 0.241763 0.257594 0.033527 0.043312
2 0.941220 0.490625 0.051191 0.050000
2 0.466604 0.265687 0.026958 0.037625
2 0.263962 0.264000 0.024800 0.040500
2 0.499074 0.262937 0.035648 0.075875
9 0.949216 0.473916 0.067181 0.082208
9 0.256852 0.259594 0.041828 0.050438
