3 0.6396640625 0.663565625 0.719953125 0.6740062499999999
4 0.67606953125 0.65878359375 0.6458890625 0.6644421875
5 0.70345546875 0.53063515625 0.5944109375 0.42064531250000003
6 0.72371171875 0.47259375 0.5536734375 0.31706249999999997
7 0.75516796875 0.39473984375 0.4884609375 0.1894796875
2 0.35834921875000003 0.29571875 0.0854484375 0.1101875
9 0.94251484375 0.33238515625 0.11627968749999999 0.2522703125
2 0.41688671875 0.27878125000000004 0.058773437500000004 0.0731875
2 0.29352578125 0.26544765625 0.0558015625 0.059020312500000005
9 0.75790703125 0.47160390625000004 0.4595640625 0.39633281249999996
2 0.53095546875 0.29153124999999996 0.0775359375 0.0830625
9 0.25056640625000004 0.24836484374999998 0.0386328125 0.0654796875
2 0.6636265625 0.24055234374999998 0.058503125 0.0342296875
2 0.7316984375 0.26616640625 0.097771875 0.08233281249999999
2 0.44168593749999996 0.27276015625 0.033371875 0.048645312499999996
2 0.061515625000000004 0.24318749999999997 0.06053125 0.04575
2 0.72208125 0.24713515625 0.07541250000000001 0.047395312499999995
2 0.5102828125000001 0.28109375000000003 0.058065624999999996 0.07468749999999999
3 0.6396640625 0.663565625 0.719953125 0.6740062499999999
4 0.67606953125 0.65878359375 0.6458890625 0.6644421875
5 0.70345546875 0.53063515625 0.5944109375 0.42064531250000003
6 0.72371171875 0.47259375 0.5536734375 0.31706249999999997
7 0.75516796875 0.39473984375 0.4884609375 0.1894796875
2 0.35834921875000003 0.29571875 0.0854484375 0.1101875
9 0.94251484375 0.33238515625 0.11627968749999999 0.2522703125
2 0.41688671875 0.27878125000000004 0.058773437500000004 0.0731875
2 0.29352578125 0.26544765625 0.0558015625 0.059020312500000005
9 0.75790703125 0.47160390625000004 0.4595640625 0.39633281249999996
2 0.53095546875 0.29153124999999996 0.0775359375 0.0830625
9 0.25056640625000004 0.24836484374999998 0.0386328125 0.0654796875
2 0.6636265625 0.24055234374999998 0.058503125 0.0342296875
2 0.7316984375 0.26616640625 0.097771875 0.08233281249999999
2 0.44168593749999996 0.27276015625 0.033371875 0.048645312499999996
2 0.061515625000000004 0.24318749999999997 0.06053125 0.04575
2 0.72208125 0.24713515625 0.07541250000000001 0.047395312499999995
2 0.5102828125000001 0.28109375000000003 0.058065624999999996 0.07468749999999999
3 0.639664 0.663566 0.719953 0.674006
4 0.676070 0.658784 0.645889 0.664442
5 0.703455 0.530635 0.594411 0.420645
6 0.723712 0.472594 0.553673 0.317062
7 0.755168 0.394740 0.488461 0.189480
2 0.358349 0.295719 0.085448 0.110187
9 0.942515 0.332385 0.116280 0.252270
2 0.416887 0.278781 0.058773 0.073188
2 0.293526 0.265448 0.055802 0.059020
9 0.757907 0.471604 0.459564 0.396333
2 0.530955 0.291531 0.077536 0.083062
9 0.250566 0.248365 0.038633 0.065480
2 0.663627 0.240552 0.058503 0.034230
2 0.731698 0.266166 0.097772 0.082333
2 0.441686 0.272760 0.033372 0.048645
2 0.061516 0.243187 0.060531 0.045750
2 0.722081 0.247135 0.075413 0.047395
2 0.510283 0.281094 0.058066 0.074687
3 0.639664 0.663566 0.719953 0.674006
4 0.676070 0.658784 0.645889 0.664442
5 0.703455 0.530635 0.594411 0.420645
6 0.723712 0.472594 0.553673 0.317062
7 0.755168 0.394740 0.488461 0.189480
2 0.358349 0.295719 0.085448 0.110187
9 0.942515 0.332385 0.116280 0.252270
2 0.416887 0.278781 0.058773 0.073188
2 0.293526 0.265448 0.055802 0.059020
9 0.757907 0.471604 0.459564 0.396333
2 0.530955 0.291531 0.077536 0.083062
9 0.250566 0.248365 0.038633 0.065480
2 0.663627 0.240552 0.058503 0.034230
2 0.731698 0.266166 0.097772 0.082333
2 0.441686 0.272760 0.033372 0.048645
2 0.061516 0.243187 0.060531 0.045750
2 0.722081 0.247135 0.075413 0.047395
2 0.510283 0.281094 0.058066 0.074687
4 0.639664 0.663566 0.719953 0.674006
5 0.676070 0.658784 0.645889 0.664442
6 0.703455 0.530635 0.594411 0.420645
7 0.723712 0.472594 0.553673 0.317062
8 0.755168 0.394740 0.488461 0.189480
3 0.358349 0.295719 0.085448 0.110187
10 0.942515 0.332385 0.116280 0.252270
3 0.416887 0.278781 0.058773 0.073188
3 0.293526 0.265448 0.055802 0.059020
10 0.757907 0.471604 0.459564 0.396333
3 0.530955 0.291531 0.077536 0.083062
10 0.250566 0.248365 0.038633 0.065480
3 0.663627 0.240552 0.058503 0.034230
3 0.731698 0.266166 0.097772 0.082333
3 0.441686 0.272760 0.033372 0.048645
3 0.061516 0.243187 0.060531 0.045750
3 0.722081 0.247135 0.075413 0.047395
3 0.510283 0.281094 0.058066 0.074687
3 0.639664 0.663566 0.719953 0.674006
4 0.676070 0.658784 0.645889 0.664442
5 0.703455 0.530635 0.594411 0.420645
6 0.723712 0.472594 0.553673 0.317062
7 0.755168 0.394740 0.488461 0.189480
2 0.358349 0.295719 0.085448 0.110187
9 0.942515 0.332385 0.116280 0.252270
2 0.416887 0.278781 0.058773 0.073188
2 0.293526 0.265448 0.055802 0.059020
9 0.757907 0.471604 0.459564 0.396333
2 0.530955 0.291531 0.077536 0.083062
9 0.250566 0.248365 0.038633 0.065480
2 0.663627 0.240552 0.058503 0.034230
2 0.731698 0.266166 0.097772 0.082333
2 0.441686 0.272760 0.033372 0.048645
2 0.061516 0.243187 0.060531 0.045750
2 0.722081 0.247135 0.075413 0.047395
2 0.510283 0.281094 0.058066 0.074687
3 0.639664 0.663566 0.719953 0.674006
4 0.676070 0.658784 0.645889 0.664442
5 0.703455 0.530635 0.594411 0.420645
6 0.723712 0.472594 0.553673 0.317062
7 0.755168 0.394740 0.488461 0.189480
2 0.358349 0.295719 0.085448 0.110187
9 0.942515 0.332385 0.116280 0.252270
2 0.416887 0.278781 0.058773 0.073188
2 0.293526 0.265448 0.055802 0.059020
9 0.757907 0.471604 0.459564 0.396333
2 0.530955 0.291531 0.077536 0.083062
9 0.250566 0.248365 0.038633 0.065480
2 0.663627 0.240552 0.058503 0.034230
2 0.731698 0.266166 0.097772 0.082333
2 0.441686 0.272760 0.033372 0.048645
2 0.061516 0.243187 0.060531 0.045750
2 0.722081 0.247135 0.075413 0.047395
2 0.510283 0.281094 0.058066 0.074687
3 0.639664 0.663566 0.719953 0.674006
4 0.676070 0.658784 0.645889 0.664442
5 0.703455 0.530635 0.594411 0.420645
6 0.723712 0.472594 0.553673 0.317062
7 0.755168 0.394740 0.488461 0.189480
2 0.358349 0.295719 0.085448 0.110187
9 0.942515 0.332385 0.116280 0.252270
2 0.416887 0.278781 0.058773 0.073188
2 0.293526 0.265448 0.055802 0.059020
9 0.757907 0.471604 0.459564 0.396333
2 0.530955 0.291531 0.077536 0.083062
9 0.250566 0.248365 0.038633 0.065480
2 0.663627 0.240552 0.058503 0.034230
2 0.731698 0.266166 0.097772 0.082333
2 0.441686 0.272760 0.033372 0.048645
2 0.061516 0.243187 0.060531 0.045750
2 0.722081 0.247135 0.075413 0.047395
2 0.510283 0.281094 0.058066 0.074687
