3 0.6396640625 0.663565625 0.719953125 0.6740062499999999
4 0.67606953125 0.65878359375 0.6458890625 0.6644421875
5 0.70345546875 0.53063515625 0.5944109375 0.42064531250000003
6 0.72371171875 0.47259375 0.5536734375 0.31706249999999997
7 0.75516796875 0.39473984375 0.4884609375 0.1894796875
2 0.35019453125 0.23642734375000002 0.056639062500000004 0.0572296875
2 0.53113828125 0.24805234375000002 0.0591515625 0.046104687500000005
2 0.27145625 0.22661484375000002 0.0210375 0.0313546875
2 0.24642109375 0.22839609374999997 0.0303421875 0.0317921875
3 0.6396640625 0.663565625 0.719953125 0.6740062499999999
4 0.67606953125 0.65878359375 0.6458890625 0.6644421875
5 0.70345546875 0.53063515625 0.5944109375 0.42064531250000003
6 0.72371171875 0.47259375 0.5536734375 0.31706249999999997
7 0.75516796875 0.39473984375 0.4884609375 0.1894796875
2 0.35019453125 0.23642734375000002 0.056639062500000004 0.0572296875
2 0.53113828125 0.24805234375000002 0.0591515625 0.046104687500000005
2 0.27145625 0.22661484375000002 0.0210375 0.0313546875
2 0.24642109375 0.22839609374999997 0.0303421875 0.0317921875
3 0.639664 0.663566 0.719953 0.674006
4 0.676070 0.658784 0.645889 0.664442
5 0.703455 0.530635 0.594411 0.420645
6 0.723712 0.472594 0.553673 0.317062
7 0.755168 0.394740 0.488461 0.189480
2 0.350195 0.236427 0.056639 0.057230
2 0.531138 0.248052 0.059152 0.046105
2 0.271456 0.226615 0.021038 0.031355
2 0.246421 0.228396 0.030342 0.031792
3 0.639664 0.663566 0.719953 0.674006
4 0.676070 0.658784 0.645889 0.664442
5 0.703455 0.530635 0.594411 0.420645
6 0.723712 0.472594 0.553673 0.317062
7 0.755168 0.394740 0.488461 0.189480
2 0.350195 0.236427 0.056639 0.057230
2 0.531138 0.248052 0.059152 0.046105
2 0.271456 0.226615 0.021038 0.031355
2 0.246421 0.228396 0.030342 0.031792
4 0.639664 0.663566 0.719953 0.674006
5 0.676070 0.658784 0.645889 0.664442
6 0.703455 0.530635 0.594411 0.420645
7 0.723712 0.472594 0.553673 0.317062
8 0.755168 0.394740 0.488461 0.189480
3 0.350195 0.236427 0.056639 0.057230
3 0.531138 0.248052 0.059152 0.046105
3 0.271456 0.226615 0.021038 0.031355
3 0.246421 0.228396 0.030342 0.031792
3 0.639664 0.663566 0.719953 0.674006
4 0.676070 0.658784 0.645889 0.664442
5 0.703455 0.530635 0.594411 0.420645
6 0.723712 0.472594 0.553673 0.317062
7 0.755168 0.394740 0.488461 0.189480
2 0.350195 0.236427 0.056639 0.057230
2 0.531138 0.248052 0.059152 0.046105
2 0.271456 0.226615 0.021038 0.031355
2 0.246421 0.228396 0.030342 0.031792
3 0.639664 0.663566 0.719953 0.674006
4 0.676070 0.658784 0.645889 0.664442
5 0.703455 0.530635 0.594411 0.420645
6 0.723712 0.472594 0.553673 0.317062
7 0.755168 0.394740 0.488461 0.189480
2 0.350195 0.236427 0.056639 0.057230
2 0.531138 0.248052 0.059152 0.046105
2 0.271456 0.226615 0.021038 0.031355
2 0.246421 0.228396 0.030342 0.031792
3 0.639664 0.663566 0.719953 0.674006
4 0.676070 0.658784 0.645889 0.664442
5 0.703455 0.530635 0.594411 0.420645
6 0.723712 0.472594 0.553673 0.317062
7 0.755168 0.394740 0.488461 0.189480
2 0.350195 0.236427 0.056639 0.057230
2 0.531138 0.248052 0.059152 0.046105
2 0.271456 0.226615 0.021038 0.031355
2 0.246421 0.228396 0.030342 0.031792
