3 0.6396640625 0.663565625 0.719953125 0.6740062499999999
4 0.67606953125 0.65878359375 0.6458890625 0.6644421875
5 0.70345546875 0.53063515625 0.5944109375 0.42064531250000003
6 0.72371171875 0.47259375 0.5536734375 0.31706249999999997
7 0.75516796875 0.39473984375 0.4884609375 0.1894796875
2 0.5126765625 0.31120859375 0.187853125 0.2036671875
2 0.34751796874999996 0.24721875 0.0794109375 0.09131249999999999
2 0.94873828125 0.30782265625000005 0.10372656250000001 0.18439531250000002
2 0.42818984374999997 0.23802109375000002 0.0626296875 0.0822921875
2 0.6353953125 0.28170859375 0.105165625 0.17591718750000002
2 0.29841953125 0.21914609375 0.0468390625 0.06954218749999999
2 0.71037109375 0.25677109375 0.1238671875 0.1135421875
3 0.6396640625 0.663565625 0.719953125 0.6740062499999999
4 0.67606953125 0.65878359375 0.6458890625 0.6644421875
5 0.70345546875 0.53063515625 0.5944109375 0.42064531250000003
6 0.72371171875 0.47259375 0.5536734375 0.31706249999999997
7 0.75516796875 0.39473984375 0.4884609375 0.1894796875
2 0.5126765625 0.31120859375 0.187853125 0.2036671875
2 0.34751796874999996 0.24721875 0.0794109375 0.09131249999999999
2 0.94873828125 0.30782265625000005 0.10372656250000001 0.18439531250000002
2 0.42818984374999997 0.23802109375000002 0.0626296875 0.0822921875
2 0.6353953125 0.28170859375 0.105165625 0.17591718750000002
2 0.29841953125 0.21914609375 0.0468390625 0.06954218749999999
2 0.71037109375 0.25677109375 0.1238671875 0.1135421875
3 0.639664 0.663566 0.719953 0.674006
4 0.676070 0.658784 0.645889 0.664442
5 0.703455 0.530635 0.594411 0.420645
6 0.723712 0.472594 0.553673 0.317062
7 0.755168 0.394740 0.488461 0.189480
2 0.512677 0.311209 0.187853 0.203667
2 0.347518 0.247219 0.079411 0.091312
2 0.948738 0.307823 0.103727 0.184395
2 0.428190 0.238021 0.062630 0.082292
2 0.635395 0.281709 0.105166 0.175917
2 0.298420 0.219146 0.046839 0.069542
2 0.710371 0.256771 0.123867 0.113542
3 0.639664 0.663566 0.719953 0.674006
4 0.676070 0.658784 0.645889 0.664442
5 0.703455 0.530635 0.594411 0.420645
6 0.723712 0.472594 0.553673 0.317062
7 0.755168 0.394740 0.488461 0.189480
2 0.512677 0.311209 0.187853 0.203667
2 0.347518 0.247219 0.079411 0.091312
2 0.948738 0.307823 0.103727 0.184395
2 0.428190 0.238021 0.062630 0.082292
2 0.635395 0.281709 0.105166 0.175917
2 0.298420 0.219146 0.046839 0.069542
2 0.710371 0.256771 0.123867 0.113542
4 0.639664 0.663566 0.719953 0.674006
5 0.676070 0.658784 0.645889 0.664442
6 0.703455 0.530635 0.594411 0.420645
7 0.723712 0.472594 0.553673 0.317062
8 0.755168 0.394740 0.488461 0.189480
3 0.512677 0.311209 0.187853 0.203667
3 0.347518 0.247219 0.079411 0.091312
3 0.948738 0.307823 0.103727 0.184395
3 0.428190 0.238021 0.062630 0.082292
3 0.635395 0.281709 0.105166 0.175917
3 0.298420 0.219146 0.046839 0.069542
3 0.710371 0.256771 0.123867 0.113542
3 0.639664 0.663566 0.719953 0.674006
4 0.676070 0.658784 0.645889 0.664442
5 0.703455 0.530635 0.594411 0.420645
6 0.723712 0.472594 0.553673 0.317062
7 0.755168 0.394740 0.488461 0.189480
2 0.512677 0.311209 0.187853 0.203667
2 0.347518 0.247219 0.079411 0.091312
2 0.948738 0.307823 0.103727 0.184395
2 0.428190 0.238021 0.062630 0.082292
2 0.635395 0.281709 0.105166 0.175917
2 0.298420 0.219146 0.046839 0.069542
2 0.710371 0.256771 0.123867 0.113542
3 0.639664 0.663566 0.719953 0.674006
4 0.676070 0.658784 0.645889 0.664442
5 0.703455 0.530635 0.594411 0.420645
6 0.723712 0.472594 0.553673 0.317062
7 0.755168 0.394740 0.488461 0.189480
2 0.512677 0.311209 0.187853 0.203667
2 0.347518 0.247219 0.079411 0.091312
2 0.948738 0.307823 0.103727 0.184395
2 0.428190 0.238021 0.062630 0.082292
2 0.635395 0.281709 0.105166 0.175917
2 0.298420 0.219146 0.046839 0.069542
2 0.710371 0.256771 0.123867 0.113542
3 0.639664 0.663566 0.719953 0.674006
4 0.676070 0.658784 0.645889 0.664442
5 0.703455 0.530635 0.594411 0.420645
6 0.723712 0.472594 0.553673 0.317062
7 0.755168 0.394740 0.488461 0.189480
2 0.512677 0.311209 0.187853 0.203667
2 0.347518 0.247219 0.079411 0.091312
2 0.948738 0.307823 0.103727 0.184395
2 0.428190 0.238021 0.062630 0.082292
2 0.635395 0.281709 0.105166 0.175917
2 0.298420 0.219146 0.046839 0.069542
2 0.710371 0.256771 0.123867 0.113542
