3 0.6396640625 0.663565625 0.719953125 0.6740062499999999
4 0.67606953125 0.65878359375 0.6458890625 0.6644421875
5 0.70345546875 0.53063515625 0.5944109375 0.42064531250000003
6 0.72371171875 0.47259375 0.5536734375 0.31706249999999997
7 0.75516796875 0.39473984375 0.4884609375 0.1894796875
2 0.5986914062500001 0.38990625 0.2755078125 0.24856250000000002
2 0.8960140624999999 0.28479140625 0.16390312499999998 0.0945828125
2 0.6644578125 0.27679140625 0.091415625 0.0598328125
2 0.32328984374999997 0.28329140625 0.0653296875 0.0759578125
2 0.38163359375 0.26669765624999997 0.0601421875 0.0646453125
2 0.2783015625 0.26515625 0.037853125 0.0553125
9 0.48105546875 0.26436484375 0.07773593749999999 0.0756046875
9 0.9782249999999999 0.27376015625 0.04395 0.0818953125
2 0.41698671875000004 0.26952109375 0.033973437499999995 0.042167187499999995
2 0.2401234375 0.25977109375 0.027121875 0.028917187500000004
2 0.06691640624999999 0.24552109375 0.055707812499999995 0.0472921875
2 0.5184960937499999 0.2691875 0.07761718749999999 0.060250000000000005
2 0.2594515625 0.26547890625 0.022028125000000003 0.0372078125
3 0.6396640625 0.663565625 0.719953125 0.6740062499999999
4 0.67606953125 0.65878359375 0.6458890625 0.6644421875
5 0.70345546875 0.53063515625 0.5944109375 0.42064531250000003
6 0.72371171875 0.47259375 0.5536734375 0.31706249999999997
7 0.75516796875 0.39473984375 0.4884609375 0.1894796875
2 0.5986914062500001 0.38990625 0.2755078125 0.24856250000000002
2 0.8960140624999999 0.28479140625 0.16390312499999998 0.0945828125
2 0.6644578125 0.27679140625 0.091415625 0.0598328125
2 0.32328984374999997 0.28329140625 0.0653296875 0.0759578125
2 0.38163359375 0.26669765624999997 0.0601421875 0.0646453125
2 0.2783015625 0.26515625 0.037853125 0.0553125
9 0.48105546875 0.26436484375 0.07773593749999999 0.0756046875
9 0.9782249999999999 0.27376015625 0.04395 0.0818953125
2 0.41698671875000004 0.26952109375 0.033973437499999995 0.042167187499999995
2 0.2401234375 0.25977109375 0.027121875 0.028917187500000004
2 0.06691640624999999 0.24552109375 0.055707812499999995 0.0472921875
2 0.5184960937499999 0.2691875 0.07761718749999999 0.060250000000000005
2 0.2594515625 0.26547890625 0.022028125000000003 0.0372078125
3 0.639664 0.663566 0.719953 0.674006
4 0.676070 0.658784 0.645889 0.664442
5 0.703455 0.530635 0.594411 0.420645
6 0.723712 0.472594 0.553673 0.317062
7 0.755168 0.394740 0.488461 0.189480
2 0.598691 0.389906 0.275508 0.248563
2 0.896014 0.284791 0.163903 0.094583
2 0.664458 0.276791 0.091416 0.059833
2 0.323290 0.283291 0.065330 0.075958
2 0.381634 0.266698 0.060142 0.064645
2 0.278302 0.265156 0.037853 0.055313
9 0.481055 0.264365 0.077736 0.075605
9 0.978225 0.273760 0.043950 0.081895
2 0.416987 0.269521 0.033973 0.042167
2 0.240123 0.259771 0.027122 0.028917
2 0.066916 0.245521 0.055708 0.047292
2 0.518496 0.269188 0.077617 0.060250
2 0.259452 0.265479 0.022028 0.037208
3 0.639664 0.663566 0.719953 0.674006
4 0.676070 0.658784 0.645889 0.664442
5 0.703455 0.530635 0.594411 0.420645
6 0.723712 0.472594 0.553673 0.317062
7 0.755168 0.394740 0.488461 0.189480
2 0.598691 0.389906 0.275508 0.248563
2 0.896014 0.284791 0.163903 0.094583
2 0.664458 0.276791 0.091416 0.059833
2 0.323290 0.283291 0.065330 0.075958
2 0.381634 0.266698 0.060142 0.064645
2 0.278302 0.265156 0.037853 0.055313
9 0.481055 0.264365 0.077736 0.075605
9 0.978225 0.273760 0.043950 0.081895
2 0.416987 0.269521 0.033973 0.042167
2 0.240123 0.259771 0.027122 0.028917
2 0.066916 0.245521 0.055708 0.047292
2 0.518496 0.269188 0.077617 0.060250
2 0.259452 0.265479 0.022028 0.037208
4 0.639664 0.663566 0.719953 0.674006
5 0.676070 0.658784 0.645889 0.664442
6 0.703455 0.530635 0.594411 0.420645
7 0.723712 0.472594 0.553673 0.317062
8 0.755168 0.394740 0.488461 0.189480
3 0.598691 0.389906 0.275508 0.248563
3 0.896014 0.284791 0.163903 0.094583
3 0.664458 0.276791 0.091416 0.059833
3 0.323290 0.283291 0.065330 0.075958
3 0.381634 0.266698 0.060142 0.064645
3 0.278302 0.265156 0.037853 0.055313
10 0.481055 0.264365 0.077736 0.075605
10 0.978225 0.273760 0.043950 0.081895
3 0.416987 0.269521 0.033973 0.042167
3 0.240123 0.259771 0.027122 0.028917
3 0.066916 0.245521 0.055708 0.047292
3 0.518496 0.269188 0.077617 0.060250
3 0.259452 0.265479 0.022028 0.037208
3 0.639664 0.663566 0.719953 0.674006
4 0.676070 0.658784 0.645889 0.664442
5 0.703455 0.530635 0.594411 0.420645
6 0.723712 0.472594 0.553673 0.317062
7 0.755168 0.394740 0.488461 0.189480
2 0.598691 0.389906 0.275508 0.248563
2 0.896014 0.284791 0.163903 0.094583
2 0.664458 0.276791 0.091416 0.059833
2 0.323290 0.283291 0.065330 0.075958
2 0.381634 0.266698 0.060142 0.064645
2 0.278302 0.265156 0.037853 0.055313
9 0.481055 0.264365 0.077736 0.075605
9 0.978225 0.273760 0.043950 0.081895
2 0.416987 0.269521 0.033973 0.042167
2 0.240123 0.259771 0.027122 0.028917
2 0.066916 0.245521 0.055708 0.047292
2 0.518496 0.269188 0.077617 0.060250
2 0.259452 0.265479 0.022028 0.037208
3 0.639664 0.663566 0.719953 0.674006
4 0.676070 0.658784 0.645889 0.664442
5 0.703455 0.530635 0.594411 0.420645
6 0.723712 0.472594 0.553673 0.317062
7 0.755168 0.394740 0.488461 0.189480
2 0.598691 0.389906 0.275508 0.248563
2 0.896014 0.284791 0.163903 0.094583
2 0.664458 0.276791 0.091416 0.059833
2 0.323290 0.283291 0.065330 0.075958
2 0.381634 0.266698 0.060142 0.064645
2 0.278302 0.265156 0.037853 0.055313
9 0.481055 0.264365 0.077736 0.075605
9 0.978225 0.273760 0.043950 0.081895
2 0.416987 0.269521 0.033973 0.042167
2 0.240123 0.259771 0.027122 0.028917
2 0.066916 0.245521 0.055708 0.047292
2 0.518496 0.269188 0.077617 0.060250
2 0.259452 0.265479 0.022028 0.037208
3 0.639664 0.663566 0.719953 0.674006
4 0.676070 0.658784 0.645889 0.664442
5 0.703455 0.530635 0.594411 0.420645
6 0.723712 0.472594 0.553673 0.317062
7 0.755168 0.394740 0.488461 0.189480
2 0.598691 0.389906 0.275508 0.248563
2 0.896014 0.284791 0.163903 0.094583
2 0.664458 0.276791 0.091416 0.059833
2 0.323290 0.283291 0.065330 0.075958
2 0.381634 0.266698 0.060142 0.064645
2 0.278302 0.265156 0.037853 0.055313
9 0.481055 0.264365 0.077736 0.075605
9 0.978225 0.273760 0.043950 0.081895
2 0.416987 0.269521 0.033973 0.042167
2 0.240123 0.259771 0.027122 0.028917
2 0.066916 0.245521 0.055708 0.047292
2 0.518496 0.269188 0.077617 0.060250
2 0.259452 0.265479 0.022028 0.037208
