3 0.6396640625 0.663565625 0.719953125 0.6740062499999999
4 0.67606953125 0.65878359375 0.6458890625 0.6644421875
5 0.70345546875 0.53063515625 0.5944109375 0.42064531250000003
6 0.72371171875 0.47455625 0.5536734375 0.31161249999999996
7 0.7510625 0.44572031249999994 0.499 0.235190625
2 0.48657421875000006 0.2664375 0.0512734375 0.0485
2 0.28748828125000003 0.27255234375000004 0.0406015625 0.0419796875
2 0.42265312499999996 0.26177109375 0.05780625 0.0547921875
2 0.340259375 0.27331249999999996 0.04301875 0.040375
2 0.3820046875 0.26916640625 0.035884375 0.0445828125
3 0.6396640625 0.663565625 0.719953125 0.6740062499999999
4 0.67606953125 0.65878359375 0.6458890625 0.6644421875
5 0.70345546875 0.53063515625 0.5944109375 0.42064531250000003
6 0.72371171875 0.47455625 0.5536734375 0.31161249999999996
7 0.7510625 0.44572031249999994 0.499 0.235190625
2 0.48657421875000006 0.2664375 0.0512734375 0.0485
2 0.28748828125000003 0.27255234375000004 0.0406015625 0.0419796875
2 0.42265312499999996 0.26177109375 0.05780625 0.0547921875
2 0.340259375 0.27331249999999996 0.04301875 0.040375
2 0.3820046875 0.26916640625 0.035884375 0.0445828125
3 0.639664 0.663566 0.719953 0.674006
4 0.676070 0.658784 0.645889 0.664442
5 0.703455 0.530635 0.594411 0.420645
6 0.723712 0.474556 0.553673 0.311612
7 0.751062 0.445720 0.499000 0.235191
2 0.486574 0.266437 0.051273 0.048500
2 0.287488 0.272552 0.040602 0.041980
2 0.422653 0.261771 0.057806 0.054792
2 0.340259 0.273312 0.043019 0.040375
2 0.382005 0.269166 0.035884 0.044583
3 0.639664 0.663566 0.719953 0.674006
4 0.676070 0.658784 0.645889 0.664442
5 0.703455 0.530635 0.594411 0.420645
6 0.723712 0.474556 0.553673 0.311612
7 0.751062 0.445720 0.499000 0.235191
2 0.486574 0.266437 0.051273 0.048500
2 0.287488 0.272552 0.040602 0.041980
2 0.422653 0.261771 0.057806 0.054792
2 0.340259 0.273312 0.043019 0.040375
2 0.382005 0.269166 0.035884 0.044583
4 0.639664 0.663566 0.719953 0.674006
5 0.676070 0.658784 0.645889 0.664442
6 0.703455 0.530635 0.594411 0.420645
7 0.723712 0.474556 0.553673 0.311612
8 0.751062 0.445720 0.499000 0.235191
3 0.486574 0.266437 0.051273 0.048500
3 0.287488 0.272552 0.040602 0.041980
3 0.422653 0.261771 0.057806 0.054792
3 0.340259 0.273312 0.043019 0.040375
3 0.382005 0.269166 0.035884 0.044583
3 0.639664 0.663566 0.719953 0.674006
4 0.676070 0.658784 0.645889 0.664442
5 0.703455 0.530635 0.594411 0.420645
6 0.723712 0.474556 0.553673 0.311612
7 0.751062 0.445720 0.499000 0.235191
2 0.486574 0.266437 0.051273 0.048500
2 0.287488 0.272552 0.040602 0.041980
2 0.422653 0.261771 0.057806 0.054792
2 0.340259 0.273312 0.043019 0.040375
2 0.382005 0.269166 0.035884 0.044583
3 0.639664 0.663566 0.719953 0.674006
4 0.676070 0.658784 0.645889 0.664442
5 0.703455 0.530635 0.594411 0.420645
6 0.723712 0.474556 0.553673 0.311612
7 0.751062 0.445720 0.499000 0.235191
2 0.486574 0.266437 0.051273 0.048500
2 0.287488 0.272552 0.040602 0.041980
2 0.422653 0.261771 0.057806 0.054792
2 0.340259 0.273312 0.043019 0.040375
2 0.382005 0.269166 0.035884 0.044583
3 0.639664 0.663566 0.719953 0.674006
4 0.676070 0.658784 0.645889 0.664442
5 0.703455 0.530635 0.594411 0.420645
6 0.723712 0.474556 0.553673 0.311612
7 0.751062 0.445720 0.499000 0.235191
2 0.486574 0.266437 0.051273 0.048500
2 0.287488 0.272552 0.040602 0.041980
2 0.422653 0.261771 0.057806 0.054792
2 0.340259 0.273312 0.043019 0.040375
2 0.382005 0.269166 0.035884 0.044583
