3 0.6396640625 0.663565625 0.719953125 0.6740062499999999
4 0.67606953125 0.65878359375 0.6458890625 0.6644421875
5 0.70345546875 0.53063515625 0.5944109375 0.42064531250000003
6 0.72371171875 0.47455625 0.5536734375 0.31161249999999996
7 0.7510625 0.44572031249999994 0.499 0.235190625
2 0.51303046875 0.28819765625000004 0.0666859375 0.0763953125
2 0.9025351562499999 0.27760390625 0.0769453125 0.0520828125
2 0.4293984375 0.2935625 0.046296875 0.05275
2 0.37097265625000003 0.29178125 0.0419453125 0.0523125
2 0.294275 0.29372890625000003 0.03855 0.040582812499999996
2 0.3216625 0.28820859374999996 0.030825 0.0326671875
8 0.26457578125 0.31167734375 0.0166515625 0.0421046875
8 0.19511796875 0.6196875000000001 0.2214859375 0.31437499999999996
3 0.6396640625 0.663565625 0.719953125 0.6740062499999999
4 0.67606953125 0.65878359375 0.6458890625 0.6644421875
5 0.70345546875 0.53063515625 0.5944109375 0.42064531250000003
6 0.72371171875 0.47455625 0.5536734375 0.31161249999999996
7 0.7510625 0.44572031249999994 0.499 0.235190625
2 0.51303046875 0.28819765625000004 0.0666859375 0.0763953125
2 0.9025351562499999 0.27760390625 0.0769453125 0.0520828125
2 0.4293984375 0.2935625 0.046296875 0.05275
2 0.37097265625000003 0.29178125 0.0419453125 0.0523125
2 0.294275 0.29372890625000003 0.03855 0.040582812499999996
2 0.3216625 0.28820859374999996 0.030825 0.0326671875
8 0.26457578125 0.31167734375 0.0166515625 0.0421046875
8 0.19511796875 0.6196875000000001 0.2214859375 0.31437499999999996
3 0.639664 0.663566 0.719953 0.674006
4 0.676070 0.658784 0.645889 0.664442
5 0.703455 0.530635 0.594411 0.420645
6 0.723712 0.474556 0.553673 0.311612
7 0.751062 0.445720 0.499000 0.235191
2 0.513030 0.288198 0.066686 0.076395
2 0.902535 0.277604 0.076945 0.052083
2 0.429398 0.293563 0.046297 0.052750
2 0.370973 0.291781 0.041945 0.052312
2 0.294275 0.293729 0.038550 0.040583
2 0.321663 0.288209 0.030825 0.032667
8 0.264576 0.311677 0.016652 0.042105
8 0.195118 0.619688 0.221486 0.314375
3 0.639664 0.663566 0.719953 0.674006
4 0.676070 0.658784 0.645889 0.664442
5 0.703455 0.530635 0.594411 0.420645
6 0.723712 0.474556 0.553673 0.311612
7 0.751062 0.445720 0.499000 0.235191
2 0.513030 0.288198 0.066686 0.076395
2 0.902535 0.277604 0.076945 0.052083
2 0.429398 0.293563 0.046297 0.052750
2 0.370973 0.291781 0.041945 0.052312
2 0.294275 0.293729 0.038550 0.040583
2 0.321663 0.288209 0.030825 0.032667
8 0.264576 0.311677 0.016652 0.042105
8 0.195118 0.619688 0.221486 0.314375
4 0.639664 0.663566 0.719953 0.674006
5 0.676070 0.658784 0.645889 0.664442
6 0.703455 0.530635 0.594411 0.420645
7 0.723712 0.474556 0.553673 0.311612
8 0.751062 0.445720 0.499000 0.235191
3 0.513030 0.288198 0.066686 0.076395
3 0.902535 0.277604 0.076945 0.052083
3 0.429398 0.293563 0.046297 0.052750
3 0.370973 0.291781 0.041945 0.052312
3 0.294275 0.293729 0.038550 0.040583
3 0.321663 0.288209 0.030825 0.032667
9 0.264576 0.311677 0.016652 0.042105
9 0.195118 0.619688 0.221486 0.314375
3 0.639664 0.663566 0.719953 0.674006
4 0.676070 0.658784 0.645889 0.664442
5 0.703455 0.530635 0.594411 0.420645
6 0.723712 0.474556 0.553673 0.311612
7 0.751062 0.445720 0.499000 0.235191
2 0.513030 0.288198 0.066686 0.076395
2 0.902535 0.277604 0.076945 0.052083
2 0.429398 0.293563 0.046297 0.052750
2 0.370973 0.291781 0.041945 0.052312
2 0.294275 0.293729 0.038550 0.040583
2 0.321663 0.288209 0.030825 0.032667
8 0.264576 0.311677 0.016652 0.042105
8 0.195118 0.619688 0.221486 0.314375
3 0.639664 0.663566 0.719953 0.674006
4 0.676070 0.658784 0.645889 0.664442
5 0.703455 0.530635 0.594411 0.420645
6 0.723712 0.474556 0.553673 0.311612
7 0.751062 0.445720 0.499000 0.235191
2 0.513030 0.288198 0.066686 0.076395
2 0.902535 0.277604 0.076945 0.052083
2 0.429398 0.293563 0.046297 0.052750
2 0.370973 0.291781 0.041945 0.052312
2 0.294275 0.293729 0.038550 0.040583
2 0.321663 0.288209 0.030825 0.032667
8 0.264576 0.311677 0.016652 0.042105
8 0.195118 0.619688 0.221486 0.314375
3 0.639664 0.663566 0.719953 0.674006
4 0.676070 0.658784 0.645889 0.664442
5 0.703455 0.530635 0.594411 0.420645
6 0.723712 0.474556 0.553673 0.311612
7 0.751062 0.445720 0.499000 0.235191
2 0.513030 0.288198 0.066686 0.076395
2 0.902535 0.277604 0.076945 0.052083
2 0.429398 0.293563 0.046297 0.052750
2 0.370973 0.291781 0.041945 0.052312
2 0.294275 0.293729 0.038550 0.040583
2 0.321663 0.288209 0.030825 0.032667
8 0.264576 0.311677 0.016652 0.042105
8 0.195118 0.619688 0.221486 0.314375
