3 0.6396640625 0.663565625 0.719953125 0.6740062499999999
4 0.67606953125 0.65878359375 0.6458890625 0.6644421875
5 0.70345546875 0.53063515625 0.5944109375 0.42064531250000003
6 0.72371171875 0.47259375 0.5536734375 0.31706249999999997
7 0.75516796875 0.39473984375 0.4884609375 0.1894796875
2 0.65292421875 0.33190625 0.17459843749999998 0.1606875
2 0.7431664062500001 0.27971875 0.1082078125 0.0656875
9 0.53079609375 0.27625 0.1022171875 0.1025
9 0.3449765625 0.28715625 0.074328125 0.09618750000000001
2 0.41019453125 0.27854140625 0.0610140625 0.0758328125
2 0.29047734375 0.26571875 0.0465796875 0.0626875
2 0.97706953125 0.27157265625 0.0447640625 0.0650203125
2 0.062034374999999996 0.24385390624999997 0.05531875000000001 0.050207812500000004
3 0.6396640625 0.663565625 0.719953125 0.6740062499999999
4 0.67606953125 0.65878359375 0.6458890625 0.6644421875
5 0.70345546875 0.53063515625 0.5944109375 0.42064531250000003
6 0.72371171875 0.47259375 0.5536734375 0.31706249999999997
7 0.75516796875 0.39473984375 0.4884609375 0.1894796875
2 0.65292421875 0.33190625 0.17459843749999998 0.1606875
2 0.7431664062500001 0.27971875 0.1082078125 0.0656875
9 0.53079609375 0.27625 0.1022171875 0.1025
9 0.3449765625 0.28715625 0.074328125 0.09618750000000001
2 0.41019453125 0.27854140625 0.0610140625 0.0758328125
2 0.29047734375 0.26571875 0.0465796875 0.0626875
2 0.97706953125 0.27157265625 0.0447640625 0.0650203125
2 0.062034374999999996 0.24385390624999997 0.05531875000000001 0.050207812500000004
3 0.639664 0.663566 0.719953 0.674006
4 0.676070 0.658784 0.645889 0.664442
5 0.703455 0.530635 0.594411 0.420645
6 0.723712 0.472594 0.553673 0.317062
7 0.755168 0.394740 0.488461 0.189480
2 0.652924 0.331906 0.174598 0.160688
2 0.743166 0.279719 0.108208 0.065687
9 0.530796 0.276250 0.102217 0.102500
9 0.344977 0.287156 0.074328 0.096188
2 0.410195 0.278541 0.061014 0.075833
2 0.290477 0.265719 0.046580 0.062687
2 0.977070 0.271573 0.044764 0.065020
2 0.062034 0.243854 0.055319 0.050208
3 0.639664 0.663566 0.719953 0.674006
4 0.676070 0.658784 0.645889 0.664442
5 0.703455 0.530635 0.594411 0.420645
6 0.723712 0.472594 0.553673 0.317062
7 0.755168 0.394740 0.488461 0.189480
2 0.652924 0.331906 0.174598 0.160688
2 0.743166 0.279719 0.108208 0.065687
9 0.530796 0.276250 0.102217 0.102500
9 0.344977 0.287156 0.074328 0.096188
2 0.410195 0.278541 0.061014 0.075833
2 0.290477 0.265719 0.046580 0.062687
2 0.977070 0.271573 0.044764 0.065020
2 0.062034 0.243854 0.055319 0.050208
4 0.639664 0.663566 0.719953 0.674006
5 0.676070 0.658784 0.645889 0.664442
6 0.703455 0.530635 0.594411 0.420645
7 0.723712 0.472594 0.553673 0.317062
8 0.755168 0.394740 0.488461 0.189480
3 0.652924 0.331906 0.174598 0.160688
3 0.743166 0.279719 0.108208 0.065687
10 0.530796 0.276250 0.102217 0.102500
10 0.344977 0.287156 0.074328 0.096188
3 0.410195 0.278541 0.061014 0.075833
3 0.290477 0.265719 0.046580 0.062687
3 0.977070 0.271573 0.044764 0.065020
3 0.062034 0.243854 0.055319 0.050208
3 0.639664 0.663566 0.719953 0.674006
4 0.676070 0.658784 0.645889 0.664442
5 0.703455 0.530635 0.594411 0.420645
6 0.723712 0.472594 0.553673 0.317062
7 0.755168 0.394740 0.488461 0.189480
2 0.652924 0.331906 0.174598 0.160688
2 0.743166 0.279719 0.108208 0.065687
9 0.530796 0.276250 0.102217 0.102500
9 0.344977 0.287156 0.074328 0.096188
2 0.410195 0.278541 0.061014 0.075833
2 0.290477 0.265719 0.046580 0.062687
2 0.977070 0.271573 0.044764 0.065020
2 0.062034 0.243854 0.055319 0.050208
3 0.639664 0.663566 0.719953 0.674006
4 0.676070 0.658784 0.645889 0.664442
5 0.703455 0.530635 0.594411 0.420645
6 0.723712 0.472594 0.553673 0.317062
7 0.755168 0.394740 0.488461 0.189480
2 0.652924 0.331906 0.174598 0.160688
2 0.743166 0.279719 0.108208 0.065687
9 0.530796 0.276250 0.102217 0.102500
9 0.344977 0.287156 0.074328 0.096188
2 0.410195 0.278541 0.061014 0.075833
2 0.290477 0.265719 0.046580 0.062687
2 0.977070 0.271573 0.044764 0.065020
2 0.062034 0.243854 0.055319 0.050208
3 0.639664 0.663566 0.719953 0.674006
4 0.676070 0.658784 0.645889 0.664442
5 0.703455 0.530635 0.594411 0.420645
6 0.723712 0.472594 0.553673 0.317062
7 0.755168 0.394740 0.488461 0.189480
2 0.652924 0.331906 0.174598 0.160688
2 0.743166 0.279719 0.108208 0.065687
9 0.530796 0.276250 0.102217 0.102500
9 0.344977 0.287156 0.074328 0.096188
2 0.410195 0.278541 0.061014 0.075833
2 0.290477 0.265719 0.046580 0.062687
2 0.977070 0.271573 0.044764 0.065020
2 0.062034 0.243854 0.055319 0.050208
