3 0.6396640625 0.663565625 0.719953125 0.6740062499999999
4 0.67606953125 0.65878359375 0.6458890625 0.6644421875
5 0.70345546875 0.53063515625 0.5944109375 0.42064531250000003
6 0.72371171875 0.47259375 0.5536734375 0.31706249999999997
7 0.75516796875 0.39473984375 0.4884609375 0.1894796875
2 0.48882109375000005 0.30963515625 0.18701718750000002 0.2348953125
2 0.6403890624999999 0.30767734375 0.155778125 0.1559796875
2 0.9173054687500001 0.3008125 0.1658609375 0.24225
9 0.34647421875 0.23633359375000002 0.07732343750000001 0.1414171875
2 0.7556015625 0.24304140625 0.045578125000000004 0.0485828125
2 0.69992890625 0.23718750000000002 0.0623578125 0.04625
2 0.24172734375 0.22804140625000002 0.0303296875 0.0310828125
2 0.39668046874999996 0.24819765624999998 0.0339859375 0.09014531249999999
3 0.6396640625 0.663565625 0.719953125 0.6740062499999999
4 0.67606953125 0.65878359375 0.6458890625 0.6644421875
5 0.70345546875 0.53063515625 0.5944109375 0.42064531250000003
6 0.72371171875 0.47259375 0.5536734375 0.31706249999999997
7 0.75516796875 0.39473984375 0.4884609375 0.1894796875
2 0.48882109375000005 0.30963515625 0.18701718750000002 0.2348953125
2 0.6403890624999999 0.30767734375 0.155778125 0.1559796875
2 0.9173054687500001 0.3008125 0.1658609375 0.24225
9 0.34647421875 0.23633359375000002 0.07732343750000001 0.1414171875
2 0.7556015625 0.24304140625 0.045578125000000004 0.0485828125
2 0.69992890625 0.23718750000000002 0.0623578125 0.04625
2 0.24172734375 0.22804140625000002 0.0303296875 0.0310828125
2 0.39668046874999996 0.24819765624999998 0.0339859375 0.09014531249999999
3 0.639664 0.663566 0.719953 0.674006
4 0.676070 0.658784 0.645889 0.664442
5 0.703455 0.530635 0.594411 0.420645
6 0.723712 0.472594 0.553673 0.317062
7 0.755168 0.394740 0.488461 0.189480
2 0.488821 0.309635 0.187017 0.234895
2 0.640389 0.307677 0.155778 0.155980
2 0.917305 0.300812 0.165861 0.242250
9 0.346474 0.236334 0.077323 0.141417
2 0.755602 0.243041 0.045578 0.048583
2 0.699929 0.237188 0.062358 0.046250
2 0.241727 0.228041 0.030330 0.031083
2 0.396680 0.248198 0.033986 0.090145
3 0.639664 0.663566 0.719953 0.674006
4 0.676070 0.658784 0.645889 0.664442
5 0.703455 0.530635 0.594411 0.420645
6 0.723712 0.472594 0.553673 0.317062
7 0.755168 0.394740 0.488461 0.189480
2 0.488821 0.309635 0.187017 0.234895
2 0.640389 0.307677 0.155778 0.155980
2 0.917305 0.300812 0.165861 0.242250
9 0.346474 0.236334 0.077323 0.141417
2 0.755602 0.243041 0.045578 0.048583
2 0.699929 0.237188 0.062358 0.046250
2 0.241727 0.228041 0.030330 0.031083
2 0.396680 0.248198 0.033986 0.090145
4 0.639664 0.663566 0.719953 0.674006
5 0.676070 0.658784 0.645889 0.664442
6 0.703455 0.530635 0.594411 0.420645
7 0.723712 0.472594 0.553673 0.317062
8 0.755168 0.394740 0.488461 0.189480
3 0.488821 0.309635 0.187017 0.234895
3 0.640389 0.307677 0.155778 0.155980
3 0.917305 0.300812 0.165861 0.242250
10 0.346474 0.236334 0.077323 0.141417
3 0.755602 0.243041 0.045578 0.048583
3 0.699929 0.237188 0.062358 0.046250
3 0.241727 0.228041 0.030330 0.031083
3 0.396680 0.248198 0.033986 0.090145
3 0.639664 0.663566 0.719953 0.674006
4 0.676070 0.658784 0.645889 0.664442
5 0.703455 0.530635 0.594411 0.420645
6 0.723712 0.472594 0.553673 0.317062
7 0.755168 0.394740 0.488461 0.189480
2 0.488821 0.309635 0.187017 0.234895
2 0.640389 0.307677 0.155778 0.155980
2 0.917305 0.300812 0.165861 0.242250
9 0.346474 0.236334 0.077323 0.141417
2 0.755602 0.243041 0.045578 0.048583
2 0.699929 0.237188 0.062358 0.046250
2 0.241727 0.228041 0.030330 0.031083
2 0.396680 0.248198 0.033986 0.090145
3 0.639664 0.663566 0.719953 0.674006
4 0.676070 0.658784 0.645889 0.664442
5 0.703455 0.530635 0.594411 0.420645
6 0.723712 0.472594 0.553673 0.317062
7 0.755168 0.394740 0.488461 0.189480
2 0.488821 0.309635 0.187017 0.234895
2 0.640389 0.307677 0.155778 0.155980
2 0.917305 0.300812 0.165861 0.242250
9 0.346474 0.236334 0.077323 0.141417
2 0.755602 0.243041 0.045578 0.048583
2 0.699929 0.237188 0.062358 0.046250
2 0.241727 0.228041 0.030330 0.031083
2 0.396680 0.248198 0.033986 0.090145
3 0.639664 0.663566 0.719953 0.674006
4 0.676070 0.658784 0.645889 0.664442
5 0.703455 0.530635 0.594411 0.420645
6 0.723712 0.472594 0.553673 0.317062
7 0.755168 0.394740 0.488461 0.189480
2 0.488821 0.309635 0.187017 0.234895
2 0.640389 0.307677 0.155778 0.155980
2 0.917305 0.300812 0.165861 0.242250
9 0.346474 0.236334 0.077323 0.141417
2 0.755602 0.243041 0.045578 0.048583
2 0.699929 0.237188 0.062358 0.046250
2 0.241727 0.228041 0.030330 0.031083
2 0.396680 0.248198 0.033986 0.090145
