3 0.6396640625 0.663565625 0.719953125 0.6740062499999999
4 0.67606953125 0.65878359375 0.6458890625 0.6644421875
5 0.70345546875 0.53063515625 0.5944109375 0.42064531250000003
6 0.72371171875 0.47259375 0.5536734375 0.31706249999999997
7 0.75516796875 0.39473984375 0.4884609375 0.1894796875
9 0.7294335937499999 0.29877109375 0.1932421875 0.1787921875
2 0.9453539062499999 0.28861484375 0.1032078125 0.0741046875
9 0.45318984375 0.34004140625 0.1595046875 0.1644578125
9 0.5890390625 0.2763125 0.090578125 0.10887500000000001
9 0.32278281249999996 0.28427109375000004 0.064315625 0.0810421875
2 0.28083125 0.26142734375 0.0429125 0.054104687500000005
9 0.511609375 0.2865625 0.07946875 0.110625
9 0.37709921875 0.26811484375 0.054198437499999995 0.0612296875
3 0.6396640625 0.663565625 0.719953125 0.6740062499999999
4 0.67606953125 0.65878359375 0.6458890625 0.6644421875
5 0.70345546875 0.53063515625 0.5944109375 0.42064531250000003
6 0.72371171875 0.47259375 0.5536734375 0.31706249999999997
7 0.75516796875 0.39473984375 0.4884609375 0.1894796875
9 0.7294335937499999 0.29877109375 0.1932421875 0.1787921875
2 0.9453539062499999 0.28861484375 0.1032078125 0.0741046875
9 0.45318984375 0.34004140625 0.1595046875 0.1644578125
9 0.5890390625 0.2763125 0.090578125 0.10887500000000001
9 0.32278281249999996 0.28427109375000004 0.064315625 0.0810421875
2 0.28083125 0.26142734375 0.0429125 0.054104687500000005
9 0.511609375 0.2865625 0.07946875 0.110625
9 0.37709921875 0.26811484375 0.054198437499999995 0.0612296875
3 0.639664 0.663566 0.719953 0.674006
4 0.676070 0.658784 0.645889 0.664442
5 0.703455 0.530635 0.594411 0.420645
6 0.723712 0.472594 0.553673 0.317062
7 0.755168 0.394740 0.488461 0.189480
9 0.729434 0.298771 0.193242 0.178792
2 0.945354 0.288615 0.103208 0.074105
9 0.453190 0.340041 0.159505 0.164458
9 0.589039 0.276313 0.090578 0.108875
9 0.322783 0.284271 0.064316 0.081042
2 0.280831 0.261427 0.042912 0.054105
9 0.511609 0.286562 0.079469 0.110625
9 0.377099 0.268115 0.054198 0.061230
3 0.639664 0.663566 0.719953 0.674006
4 0.676070 0.658784 0.645889 0.664442
5 0.703455 0.530635 0.594411 0.420645
6 0.723712 0.472594 0.553673 0.317062
7 0.755168 0.394740 0.488461 0.189480
9 0.729434 0.298771 0.193242 0.178792
2 0.945354 0.288615 0.103208 0.074105
9 0.453190 0.340041 0.159505 0.164458
9 0.589039 0.276313 0.090578 0.108875
9 0.322783 0.284271 0.064316 0.081042
2 0.280831 0.261427 0.042912 0.054105
9 0.511609 0.286562 0.079469 0.110625
9 0.377099 0.268115 0.054198 0.061230
4 0.639664 0.663566 0.719953 0.674006
5 0.676070 0.658784 0.645889 0.664442
6 0.703455 0.530635 0.594411 0.420645
7 0.723712 0.472594 0.553673 0.317062
8 0.755168 0.394740 0.488461 0.189480
10 0.729434 0.298771 0.193242 0.178792
3 0.945354 0.288615 0.103208 0.074105
10 0.453190 0.340041 0.159505 0.164458
10 0.589039 0.276313 0.090578 0.108875
10 0.322783 0.284271 0.064316 0.081042
3 0.280831 0.261427 0.042912 0.054105
10 0.511609 0.286562 0.079469 0.110625
10 0.377099 0.268115 0.054198 0.061230
3 0.639664 0.663566 0.719953 0.674006
4 0.676070 0.658784 0.645889 0.664442
5 0.703455 0.530635 0.594411 0.420645
6 0.723712 0.472594 0.553673 0.317062
7 0.755168 0.394740 0.488461 0.189480
9 0.729434 0.298771 0.193242 0.178792
2 0.945354 0.288615 0.103208 0.074105
9 0.453190 0.340041 0.159505 0.164458
9 0.589039 0.276313 0.090578 0.108875
9 0.322783 0.284271 0.064316 0.081042
2 0.280831 0.261427 0.042912 0.054105
9 0.511609 0.286562 0.079469 0.110625
9 0.377099 0.268115 0.054198 0.061230
3 0.639664 0.663566 0.719953 0.674006
4 0.676070 0.658784 0.645889 0.664442
5 0.703455 0.530635 0.594411 0.420645
6 0.723712 0.472594 0.553673 0.317062
7 0.755168 0.394740 0.488461 0.189480
9 0.729434 0.298771 0.193242 0.178792
2 0.945354 0.288615 0.103208 0.074105
9 0.453190 0.340041 0.159505 0.164458
9 0.589039 0.276313 0.090578 0.108875
9 0.322783 0.284271 0.064316 0.081042
2 0.280831 0.261427 0.042912 0.054105
9 0.511609 0.286562 0.079469 0.110625
9 0.377099 0.268115 0.054198 0.061230
3 0.639664 0.663566 0.719953 0.674006
4 0.676070 0.658784 0.645889 0.664442
5 0.703455 0.530635 0.594411 0.420645
6 0.723712 0.472594 0.553673 0.317062
7 0.755168 0.394740 0.488461 0.189480
9 0.729434 0.298771 0.193242 0.178792
2 0.945354 0.288615 0.103208 0.074105
9 0.453190 0.340041 0.159505 0.164458
9 0.589039 0.276313 0.090578 0.108875
9 0.322783 0.284271 0.064316 0.081042
2 0.280831 0.261427 0.042912 0.054105
9 0.511609 0.286562 0.079469 0.110625
9 0.377099 0.268115 0.054198 0.061230
