3 0.6396640625 0.663565625 0.719953125 0.6740062499999999
4 0.67606953125 0.65878359375 0.6458890625 0.6644421875
5 0.70345546875 0.53063515625 0.5944109375 0.42064531250000003
6 0.72371171875 0.47259375 0.5536734375 0.31706249999999997
7 0.75516796875 0.39473984375 0.4884609375 0.1894796875
2 0.5759960937499999 0.2496875 0.08011718749999999 0.04
2 0.3651 0.23978125 0.052075 0.045187500000000005
2 0.27792421875 0.22346875000000002 0.0245984375 0.034437499999999996
2 0.48714609375 0.21658359374999997 0.027417187500000002 0.0237921875
2 0.24712265625000002 0.22828125 0.0254953125 0.028437499999999998
3 0.6396640625 0.663565625 0.719953125 0.6740062499999999
4 0.67606953125 0.65878359375 0.6458890625 0.6644421875
5 0.70345546875 0.53063515625 0.5944109375 0.42064531250000003
6 0.72371171875 0.47259375 0.5536734375 0.31706249999999997
7 0.75516796875 0.39473984375 0.4884609375 0.1894796875
2 0.5759960937499999 0.2496875 0.08011718749999999 0.04
2 0.3651 0.23978125 0.052075 0.045187500000000005
2 0.27792421875 0.22346875000000002 0.0245984375 0.034437499999999996
2 0.48714609375 0.21658359374999997 0.027417187500000002 0.0237921875
2 0.24712265625000002 0.22828125 0.0254953125 0.028437499999999998
3 0.639664 0.663566 0.719953 0.674006
4 0.676070 0.658784 0.645889 0.664442
5 0.703455 0.530635 0.594411 0.420645
6 0.723712 0.472594 0.553673 0.317062
7 0.755168 0.394740 0.488461 0.189480
2 0.575996 0.249688 0.080117 0.040000
2 0.365100 0.239781 0.052075 0.045188
2 0.277924 0.223469 0.024598 0.034437
2 0.487146 0.216584 0.027417 0.023792
2 0.247123 0.228281 0.025495 0.028437
3 0.639664 0.663566 0.719953 0.674006
4 0.676070 0.658784 0.645889 0.664442
5 0.703455 0.530635 0.594411 0.420645
6 0.723712 0.472594 0.553673 0.317062
7 0.755168 0.394740 0.488461 0.189480
2 0.575996 0.249688 0.080117 0.040000
2 0.365100 0.239781 0.052075 0.045188
2 0.277924 0.223469 0.024598 0.034437
2 0.487146 0.216584 0.027417 0.023792
2 0.247123 0.228281 0.025495 0.028437
4 0.639664 0.663566 0.719953 0.674006
5 0.676070 0.658784 0.645889 0.664442
6 0.703455 0.530635 0.594411 0.420645
7 0.723712 0.472594 0.553673 0.317062
8 0.755168 0.394740 0.488461 0.189480
3 0.575996 0.249688 0.080117 0.040000
3 0.365100 0.239781 0.052075 0.045188
3 0.277924 0.223469 0.024598 0.034437
3 0.487146 0.216584 0.027417 0.023792
3 0.247123 0.228281 0.025495 0.028437
3 0.639664 0.663566 0.719953 0.674006
4 0.676070 0.658784 0.645889 0.664442
5 0.703455 0.530635 0.594411 0.420645
6 0.723712 0.472594 0.553673 0.317062
7 0.755168 0.394740 0.488461 0.189480
2 0.575996 0.249688 0.080117 0.040000
2 0.365100 0.239781 0.052075 0.045188
2 0.277924 0.223469 0.024598 0.034437
2 0.487146 0.216584 0.027417 0.023792
2 0.247123 0.228281 0.025495 0.028437
3 0.639664 0.663566 0.719953 0.674006
4 0.676070 0.658784 0.645889 0.664442
5 0.703455 0.530635 0.594411 0.420645
6 0.723712 0.472594 0.553673 0.317062
7 0.755168 0.394740 0.488461 0.189480
2 0.575996 0.249688 0.080117 0.040000
2 0.365100 0.239781 0.052075 0.045188
2 0.277924 0.223469 0.024598 0.034437
2 0.487146 0.216584 0.027417 0.023792
2 0.247123 0.228281 0.025495 0.028437
3 0.639664 0.663566 0.719953 0.674006
4 0.676070 0.658784 0.645889 0.664442
5 0.703455 0.530635 0.594411 0.420645
6 0.723712 0.472594 0.553673 0.317062
7 0.755168 0.394740 0.488461 0.189480
2 0.575996 0.249688 0.080117 0.040000
2 0.365100 0.239781 0.052075 0.045188
2 0.277924 0.223469 0.024598 0.034437
2 0.487146 0.216584 0.027417 0.023792
2 0.247123 0.228281 0.025495 0.028437
