3 0.6396640625 0.663565625 0.719953125 0.6740062499999999
4 0.67606953125 0.65878359375 0.6458890625 0.6644421875
5 0.70345546875 0.53063515625 0.5944109375 0.42064531250000003
6 0.72371171875 0.47455625 0.5536734375 0.31161249999999996
7 0.7510625 0.44572031249999994 0.499 0.235190625
2 0.95431640625 0.28126015625 0.0805078125 0.0531453125
2 0.41413359375000003 0.29325 0.0438921875 0.049
2 0.49605546875 0.28923984375 0.060860937500000004 0.0659796875
2 0.363596875 0.29469765625 0.03969375 0.0550203125
2 0.29193984375 0.29648984375 0.0463796875 0.0492296875
8 0.03540703125 0.59016640625 0.0708140625 0.1897078125
2 0.32646796875 0.29142734375 0.031060937500000003 0.0391046875
3 0.6396640625 0.663565625 0.719953125 0.6740062499999999
4 0.67606953125 0.65878359375 0.6458890625 0.6644421875
5 0.70345546875 0.53063515625 0.5944109375 0.42064531250000003
6 0.72371171875 0.47455625 0.5536734375 0.31161249999999996
7 0.7510625 0.44572031249999994 0.499 0.235190625
2 0.95431640625 0.28126015625 0.0805078125 0.0531453125
2 0.41413359375000003 0.29325 0.0438921875 0.049
2 0.49605546875 0.28923984375 0.060860937500000004 0.0659796875
2 0.363596875 0.29469765625 0.03969375 0.0550203125
2 0.29193984375 0.29648984375 0.0463796875 0.0492296875
8 0.03540703125 0.59016640625 0.0708140625 0.1897078125
2 0.32646796875 0.29142734375 0.031060937500000003 0.0391046875
3 0.639664 0.663566 0.719953 0.674006
4 0.676070 0.658784 0.645889 0.664442
5 0.703455 0.530635 0.594411 0.420645
6 0.723712 0.474556 0.553673 0.311612
7 0.751062 0.445720 0.499000 0.235191
2 0.954316 0.281260 0.080508 0.053145
2 0.414134 0.293250 0.043892 0.049000
2 0.496055 0.289240 0.060861 0.065980
2 0.363597 0.294698 0.039694 0.055020
2 0.291940 0.296490 0.046380 0.049230
8 0.035407 0.590166 0.070814 0.189708
2 0.326468 0.291427 0.031061 0.039105
3 0.639664 0.663566 0.719953 0.674006
4 0.676070 0.658784 0.645889 0.664442
5 0.703455 0.530635 0.594411 0.420645
6 0.723712 0.474556 0.553673 0.311612
7 0.751062 0.445720 0.499000 0.235191
2 0.954316 0.281260 0.080508 0.053145
2 0.414134 0.293250 0.043892 0.049000
2 0.496055 0.289240 0.060861 0.065980
2 0.363597 0.294698 0.039694 0.055020
2 0.291940 0.296490 0.046380 0.049230
8 0.035407 0.590166 0.070814 0.189708
2 0.326468 0.291427 0.031061 0.039105
4 0.639664 0.663566 0.719953 0.674006
5 0.676070 0.658784 0.645889 0.664442
6 0.703455 0.530635 0.594411 0.420645
7 0.723712 0.474556 0.553673 0.311612
8 0.751062 0.445720 0.499000 0.235191
3 0.954316 0.281260 0.080508 0.053145
3 0.414134 0.293250 0.043892 0.049000
3 0.496055 0.289240 0.060861 0.065980
3 0.363597 0.294698 0.039694 0.055020
3 0.291940 0.296490 0.046380 0.049230
9 0.035407 0.590166 0.070814 0.189708
3 0.326468 0.291427 0.031061 0.039105
3 0.639664 0.663566 0.719953 0.674006
4 0.676070 0.658784 0.645889 0.664442
5 0.703455 0.530635 0.594411 0.420645
6 0.723712 0.474556 0.553673 0.311612
7 0.751062 0.445720 0.499000 0.235191
2 0.954316 0.281260 0.080508 0.053145
2 0.414134 0.293250 0.043892 0.049000
2 0.496055 0.289240 0.060861 0.065980
2 0.363597 0.294698 0.039694 0.055020
2 0.291940 0.296490 0.046380 0.049230
8 0.035407 0.590166 0.070814 0.189708
2 0.326468 0.291427 0.031061 0.039105
3 0.639664 0.663566 0.719953 0.674006
4 0.676070 0.658784 0.645889 0.664442
5 0.703455 0.530635 0.594411 0.420645
6 0.723712 0.474556 0.553673 0.311612
7 0.751062 0.445720 0.499000 0.235191
2 0.954316 0.281260 0.080508 0.053145
2 0.414134 0.293250 0.043892 0.049000
2 0.496055 0.289240 0.060861 0.065980
2 0.363597 0.294698 0.039694 0.055020
2 0.291940 0.296490 0.046380 0.049230
8 0.035407 0.590166 0.070814 0.189708
2 0.326468 0.291427 0.031061 0.039105
3 0.639664 0.663566 0.719953 0.674006
4 0.676070 0.658784 0.645889 0.664442
5 0.703455 0.530635 0.594411 0.420645
6 0.723712 0.474556 0.553673 0.311612
7 0.751062 0.445720 0.499000 0.235191
2 0.954316 0.281260 0.080508 0.053145
2 0.414134 0.293250 0.043892 0.049000
2 0.496055 0.289240 0.060861 0.065980
2 0.363597 0.294698 0.039694 0.055020
2 0.291940 0.296490 0.046380 0.049230
8 0.035407 0.590166 0.070814 0.189708
2 0.326468 0.291427 0.031061 0.039105
