3 0.6396640625 0.663565625 0.719953125 0.6740062499999999
4 0.67606953125 0.65878359375 0.6458890625 0.6644421875
5 0.70345546875 0.53063515625 0.5944109375 0.42064531250000003
6 0.72371171875 0.47259375 0.5536734375 0.31706249999999997
7 0.75516796875 0.39473984375 0.4884609375 0.1894796875
2 0.2853359375 0.23611484374999997 0.045671875 0.056604687499999994
2 0.41031874999999995 0.24442734375000003 0.0643875 0.07947968749999999
2 0.76125625 0.27609374999999997 0.1068875 0.1240625
2 0.8772874999999999 0.33483359375 0.2452 0.31341718749999997
2 0.3625234375 0.23434375 0.037546875 0.059312500000000004
2 0.58912109375 0.269125 0.1626171875 0.16012500000000002
2 0.06102578125 0.21345859374999998 0.053301562499999997 0.0394171875
2 0.2274 0.21888515625 0.039175 0.0377703125
3 0.6396640625 0.663565625 0.719953125 0.6740062499999999
4 0.67606953125 0.65878359375 0.6458890625 0.6644421875
5 0.70345546875 0.53063515625 0.5944109375 0.42064531250000003
6 0.72371171875 0.47259375 0.5536734375 0.31706249999999997
7 0.75516796875 0.39473984375 0.4884609375 0.1894796875
2 0.2853359375 0.23611484374999997 0.045671875 0.056604687499999994
2 0.41031874999999995 0.24442734375000003 0.0643875 0.07947968749999999
2 0.76125625 0.27609374999999997 0.1068875 0.1240625
2 0.8772874999999999 0.33483359375 0.2452 0.31341718749999997
2 0.3625234375 0.23434375 0.037546875 0.059312500000000004
2 0.58912109375 0.269125 0.1626171875 0.16012500000000002
2 0.06102578125 0.21345859374999998 0.053301562499999997 0.0394171875
2 0.2274 0.21888515625 0.039175 0.0377703125
3 0.639664 0.663566 0.719953 0.674006
4 0.676070 0.658784 0.645889 0.664442
5 0.703455 0.530635 0.594411 0.420645
6 0.723712 0.472594 0.553673 0.317062
7 0.755168 0.394740 0.488461 0.189480
2 0.285336 0.236115 0.045672 0.056605
2 0.410319 0.244427 0.064388 0.079480
2 0.761256 0.276094 0.106887 0.124063
2 0.877287 0.334834 0.245200 0.313417
2 0.362523 0.234344 0.037547 0.059313
2 0.589121 0.269125 0.162617 0.160125
2 0.061026 0.213459 0.053302 0.039417
2 0.227400 0.218885 0.039175 0.037770
3 0.639664 0.663566 0.719953 0.674006
4 0.676070 0.658784 0.645889 0.664442
5 0.703455 0.530635 0.594411 0.420645
6 0.723712 0.472594 0.553673 0.317062
7 0.755168 0.394740 0.488461 0.189480
2 0.285336 0.236115 0.045672 0.056605
2 0.410319 0.244427 0.064388 0.079480
2 0.761256 0.276094 0.106887 0.124063
2 0.877287 0.334834 0.245200 0.313417
2 0.362523 0.234344 0.037547 0.059313
2 0.589121 0.269125 0.162617 0.160125
2 0.061026 0.213459 0.053302 0.039417
2 0.227400 0.218885 0.039175 0.037770
4 0.639664 0.663566 0.719953 0.674006
5 0.676070 0.658784 0.645889 0.664442
6 0.703455 0.530635 0.594411 0.420645
7 0.723712 0.472594 0.553673 0.317062
8 0.755168 0.394740 0.488461 0.189480
3 0.285336 0.236115 0.045672 0.056605
3 0.410319 0.244427 0.064388 0.079480
3 0.761256 0.276094 0.106887 0.124063
3 0.877287 0.334834 0.245200 0.313417
3 0.362523 0.234344 0.037547 0.059313
3 0.589121 0.269125 0.162617 0.160125
3 0.061026 0.213459 0.053302 0.039417
3 0.227400 0.218885 0.039175 0.037770
3 0.639664 0.663566 0.719953 0.674006
4 0.676070 0.658784 0.645889 0.664442
5 0.703455 0.530635 0.594411 0.420645
6 0.723712 0.472594 0.553673 0.317062
7 0.755168 0.394740 0.488461 0.189480
2 0.285336 0.236115 0.045672 0.056605
2 0.410319 0.244427 0.064388 0.079480
2 0.761256 0.276094 0.106887 0.124063
2 0.877287 0.334834 0.245200 0.313417
2 0.362523 0.234344 0.037547 0.059313
2 0.589121 0.269125 0.162617 0.160125
2 0.061026 0.213459 0.053302 0.039417
2 0.227400 0.218885 0.039175 0.037770
3 0.639664 0.663566 0.719953 0.674006
4 0.676070 0.658784 0.645889 0.664442
5 0.703455 0.530635 0.594411 0.420645
6 0.723712 0.472594 0.553673 0.317062
7 0.755168 0.394740 0.488461 0.189480
2 0.285336 0.236115 0.045672 0.056605
2 0.410319 0.244427 0.064388 0.079480
2 0.761256 0.276094 0.106887 0.124063
2 0.877287 0.334834 0.245200 0.313417
2 0.362523 0.234344 0.037547 0.059313
2 0.589121 0.269125 0.162617 0.160125
2 0.061026 0.213459 0.053302 0.039417
2 0.227400 0.218885 0.039175 0.037770
3 0.639664 0.663566 0.719953 0.674006
4 0.676070 0.658784 0.645889 0.664442
5 0.703455 0.530635 0.594411 0.420645
6 0.723712 0.472594 0.553673 0.317062
7 0.755168 0.394740 0.488461 0.189480
2 0.285336 0.236115 0.045672 0.056605
2 0.410319 0.244427 0.064388 0.079480
2 0.761256 0.276094 0.106887 0.124063
2 0.877287 0.334834 0.245200 0.313417
2 0.362523 0.234344 0.037547 0.059313
2 0.589121 0.269125 0.162617 0.160125
2 0.061026 0.213459 0.053302 0.039417
2 0.227400 0.218885 0.039175 0.037770
