3 0.6396640625 0.663565625 0.719953125 0.6740062499999999
4 0.67606953125 0.65878359375 0.6458890625 0.6644421875
5 0.70345546875 0.53063515625 0.5944109375 0.42064531250000003
6 0.72371171875 0.47259375 0.5536734375 0.31706249999999997
7 0.75516796875 0.39473984375 0.4884609375 0.1894796875
2 0.7460437499999999 0.38376015625 0.41708749999999994 0.3425203125
2 0.40808984375 0.22746874999999997 0.0786796875 0.1018125
2 0.88509453125 0.34625 0.22643906249999998 0.28625
2 0.2798703125 0.21891640625000003 0.044115625000000006 0.050332812500000004
2 0.08733515625 0.21701015625000003 0.0590453125 0.0371453125
2 0.35308359375 0.21497890625 0.0374171875 0.058082812500000004
2 0.49948125 0.24146874999999998 0.0489625 0.0548125
2 0.32069609374999997 0.21658359374999997 0.0445171875 0.0425421875
3 0.6396640625 0.663565625 0.719953125 0.6740062499999999
4 0.67606953125 0.65878359375 0.6458890625 0.6644421875
5 0.70345546875 0.53063515625 0.5944109375 0.42064531250000003
6 0.72371171875 0.47259375 0.5536734375 0.31706249999999997
7 0.75516796875 0.39473984375 0.4884609375 0.1894796875
2 0.7460437499999999 0.38376015625 0.41708749999999994 0.3425203125
2 0.40808984375 0.22746874999999997 0.0786796875 0.1018125
2 0.88509453125 0.34625 0.22643906249999998 0.28625
2 0.2798703125 0.21891640625000003 0.044115625000000006 0.050332812500000004
2 0.08733515625 0.21701015625000003 0.0590453125 0.0371453125
2 0.35308359375 0.21497890625 0.0374171875 0.058082812500000004
2 0.49948125 0.24146874999999998 0.0489625 0.0548125
2 0.32069609374999997 0.21658359374999997 0.0445171875 0.0425421875
3 0.639664 0.663566 0.719953 0.674006
4 0.676070 0.658784 0.645889 0.664442
5 0.703455 0.530635 0.594411 0.420645
6 0.723712 0.472594 0.553673 0.317062
7 0.755168 0.394740 0.488461 0.189480
2 0.746044 0.383760 0.417087 0.342520
2 0.408090 0.227469 0.078680 0.101813
2 0.885095 0.346250 0.226439 0.286250
2 0.279870 0.218916 0.044116 0.050333
2 0.087335 0.217010 0.059045 0.037145
2 0.353084 0.214979 0.037417 0.058083
2 0.499481 0.241469 0.048962 0.054813
2 0.320696 0.216584 0.044517 0.042542
3 0.639664 0.663566 0.719953 0.674006
4 0.676070 0.658784 0.645889 0.664442
5 0.703455 0.530635 0.594411 0.420645
6 0.723712 0.472594 0.553673 0.317062
7 0.755168 0.394740 0.488461 0.189480
2 0.746044 0.383760 0.417087 0.342520
2 0.408090 0.227469 0.078680 0.101813
2 0.885095 0.346250 0.226439 0.286250
2 0.279870 0.218916 0.044116 0.050333
2 0.087335 0.217010 0.059045 0.037145
2 0.353084 0.214979 0.037417 0.058083
2 0.499481 0.241469 0.048962 0.054813
2 0.320696 0.216584 0.044517 0.042542
4 0.639664 0.663566 0.719953 0.674006
5 0.676070 0.658784 0.645889 0.664442
6 0.703455 0.530635 0.594411 0.420645
7 0.723712 0.472594 0.553673 0.317062
8 0.755168 0.394740 0.488461 0.189480
3 0.746044 0.383760 0.417087 0.342520
3 0.408090 0.227469 0.078680 0.101813
3 0.885095 0.346250 0.226439 0.286250
3 0.279870 0.218916 0.044116 0.050333
3 0.087335 0.217010 0.059045 0.037145
3 0.353084 0.214979 0.037417 0.058083
3 0.499481 0.241469 0.048962 0.054813
3 0.320696 0.216584 0.044517 0.042542
3 0.639664 0.663566 0.719953 0.674006
4 0.676070 0.658784 0.645889 0.664442
5 0.703455 0.530635 0.594411 0.420645
6 0.723712 0.472594 0.553673 0.317062
7 0.755168 0.394740 0.488461 0.189480
2 0.746044 0.383760 0.417087 0.342520
2 0.408090 0.227469 0.078680 0.101813
2 0.885095 0.346250 0.226439 0.286250
2 0.279870 0.218916 0.044116 0.050333
2 0.087335 0.217010 0.059045 0.037145
2 0.353084 0.214979 0.037417 0.058083
2 0.499481 0.241469 0.048962 0.054813
2 0.320696 0.216584 0.044517 0.042542
3 0.639664 0.663566 0.719953 0.674006
4 0.676070 0.658784 0.645889 0.664442
5 0.703455 0.530635 0.594411 0.420645
6 0.723712 0.472594 0.553673 0.317062
7 0.755168 0.394740 0.488461 0.189480
2 0.746044 0.383760 0.417087 0.342520
2 0.408090 0.227469 0.078680 0.101813
2 0.885095 0.346250 0.226439 0.286250
2 0.279870 0.218916 0.044116 0.050333
2 0.087335 0.217010 0.059045 0.037145
2 0.353084 0.214979 0.037417 0.058083
2 0.499481 0.241469 0.048962 0.054813
2 0.320696 0.216584 0.044517 0.042542
3 0.639664 0.663566 0.719953 0.674006
4 0.676070 0.658784 0.645889 0.664442
5 0.703455 0.530635 0.594411 0.420645
6 0.723712 0.472594 0.553673 0.317062
7 0.755168 0.394740 0.488461 0.189480
2 0.746044 0.383760 0.417087 0.342520
2 0.408090 0.227469 0.078680 0.101813
2 0.885095 0.346250 0.226439 0.286250
2 0.279870 0.218916 0.044116 0.050333
2 0.087335 0.217010 0.059045 0.037145
2 0.353084 0.214979 0.037417 0.058083
2 0.499481 0.241469 0.048962 0.054813
2 0.320696 0.216584 0.044517 0.042542
