3 0.6396640625 0.663565625 0.719953125 0.6740062499999999
4 0.67606953125 0.65878359375 0.6458890625 0.6644421875
5 0.70345546875 0.53063515625 0.5944109375 0.42064531250000003
6 0.72371171875 0.47259375 0.5536734375 0.31706249999999997
7 0.75516796875 0.39473984375 0.4884609375 0.1894796875
2 0.63510625 0.30334374999999997 0.12958750000000002 0.10981250000000001
2 0.4355421875 0.32891640625 0.136709375 0.1703328125
2 0.9022820312500001 0.3125 0.19206406250000002 0.21875
2 0.5462265625 0.27536484375 0.067453125 0.0726046875
2 0.31201640625 0.26634375 0.0584078125 0.0701875
2 0.4632015625 0.26732265625 0.063903125 0.059645312500000006
2 0.2582484375 0.25248984375 0.032121875 0.0612296875
2 0.489953125 0.29862500000000003 0.04240625 0.062875
3 0.6396640625 0.663565625 0.719953125 0.6740062499999999
4 0.67606953125 0.65878359375 0.6458890625 0.6644421875
5 0.70345546875 0.53063515625 0.5944109375 0.42064531250000003
6 0.72371171875 0.47259375 0.5536734375 0.31706249999999997
7 0.75516796875 0.39473984375 0.4884609375 0.1894796875
2 0.63510625 0.30334374999999997 0.12958750000000002 0.10981250000000001
2 0.4355421875 0.32891640625 0.136709375 0.1703328125
2 0.9022820312500001 0.3125 0.19206406250000002 0.21875
2 0.5462265625 0.27536484375 0.067453125 0.0726046875
2 0.31201640625 0.26634375 0.0584078125 0.0701875
2 0.4632015625 0.26732265625 0.063903125 0.059645312500000006
2 0.2582484375 0.25248984375 0.032121875 0.0612296875
2 0.489953125 0.29862500000000003 0.04240625 0.062875
3 0.639664 0.663566 0.719953 0.674006
4 0.676070 0.658784 0.645889 0.664442
5 0.703455 0.530635 0.594411 0.420645
6 0.723712 0.472594 0.553673 0.317062
7 0.755168 0.394740 0.488461 0.189480
2 0.635106 0.303344 0.129588 0.109813
2 0.435542 0.328916 0.136709 0.170333
2 0.902282 0.312500 0.192064 0.218750
2 0.546227 0.275365 0.067453 0.072605
2 0.312016 0.266344 0.058408 0.070187
2 0.463202 0.267323 0.063903 0.059645
2 0.258248 0.252490 0.032122 0.061230
2 0.489953 0.298625 0.042406 0.062875
3 0.639664 0.663566 0.719953 0.674006
4 0.676070 0.658784 0.645889 0.664442
5 0.703455 0.530635 0.594411 0.420645
6 0.723712 0.472594 0.553673 0.317062
7 0.755168 0.394740 0.488461 0.189480
2 0.635106 0.303344 0.129588 0.109813
2 0.435542 0.328916 0.136709 0.170333
2 0.902282 0.312500 0.192064 0.218750
2 0.546227 0.275365 0.067453 0.072605
2 0.312016 0.266344 0.058408 0.070187
2 0.463202 0.267323 0.063903 0.059645
2 0.258248 0.252490 0.032122 0.061230
2 0.489953 0.298625 0.042406 0.062875
4 0.639664 0.663566 0.719953 0.674006
5 0.676070 0.658784 0.645889 0.664442
6 0.703455 0.530635 0.594411 0.420645
7 0.723712 0.472594 0.553673 0.317062
8 0.755168 0.394740 0.488461 0.189480
3 0.635106 0.303344 0.129588 0.109813
3 0.435542 0.328916 0.136709 0.170333
3 0.902282 0.312500 0.192064 0.218750
3 0.546227 0.275365 0.067453 0.072605
3 0.312016 0.266344 0.058408 0.070187
3 0.463202 0.267323 0.063903 0.059645
3 0.258248 0.252490 0.032122 0.061230
3 0.489953 0.298625 0.042406 0.062875
3 0.639664 0.663566 0.719953 0.674006
4 0.676070 0.658784 0.645889 0.664442
5 0.703455 0.530635 0.594411 0.420645
6 0.723712 0.472594 0.553673 0.317062
7 0.755168 0.394740 0.488461 0.189480
2 0.635106 0.303344 0.129588 0.109813
2 0.435542 0.328916 0.136709 0.170333
2 0.902282 0.312500 0.192064 0.218750
2 0.546227 0.275365 0.067453 0.072605
2 0.312016 0.266344 0.058408 0.070187
2 0.463202 0.267323 0.063903 0.059645
2 0.258248 0.252490 0.032122 0.061230
2 0.489953 0.298625 0.042406 0.062875
3 0.639664 0.663566 0.719953 0.674006
4 0.676070 0.658784 0.645889 0.664442
5 0.703455 0.530635 0.594411 0.420645
6 0.723712 0.472594 0.553673 0.317062
7 0.755168 0.394740 0.488461 0.189480
2 0.635106 0.303344 0.129588 0.109813
2 0.435542 0.328916 0.136709 0.170333
2 0.902282 0.312500 0.192064 0.218750
2 0.546227 0.275365 0.067453 0.072605
2 0.312016 0.266344 0.058408 0.070187
2 0.463202 0.267323 0.063903 0.059645
2 0.258248 0.252490 0.032122 0.061230
2 0.489953 0.298625 0.042406 0.062875
3 0.639664 0.663566 0.719953 0.674006
4 0.676070 0.658784 0.645889 0.664442
5 0.703455 0.530635 0.594411 0.420645
6 0.723712 0.472594 0.553673 0.317062
7 0.755168 0.394740 0.488461 0.189480
2 0.635106 0.303344 0.129588 0.109813
2 0.435542 0.328916 0.136709 0.170333
2 0.902282 0.312500 0.192064 0.218750
2 0.546227 0.275365 0.067453 0.072605
2 0.312016 0.266344 0.058408 0.070187
2 0.463202 0.267323 0.063903 0.059645
2 0.258248 0.252490 0.032122 0.061230
2 0.489953 0.298625 0.042406 0.062875
