3 0.6396640625 0.663565625 0.719953125 0.6740062499999999
4 0.67606953125 0.65878359375 0.6458890625 0.6644421875
5 0.70345546875 0.53063515625 0.5944109375 0.42064531250000003
6 0.72371171875 0.47259375 0.5536734375 0.31706249999999997
7 0.75516796875 0.39473984375 0.4884609375 0.1894796875
2 0.8116093750000001 0.34427109375000003 0.22321875000000002 0.1604171875
2 0.5887203125 0.34282265624999997 0.09931562499999999 0.0887703125
2 0.88867890625 0.2670625 0.0742328125 0.04975
0 0.31024140624999996 0.31902109375 0.0267328125 0.0661671875
2 0.080046875 0.25735390625 0.06009375 0.0490828125
2 0.7695929687499999 0.25383359375 0.0829359375 0.0295421875
2 0.40363828125 0.26567734375 0.0666515625 0.0594796875
2 0.56125 0.31157265624999997 0.12250000000000001 0.1012703125
2 0.2758140625 0.27282265625 0.032878125 0.042520312500000004
0 0.48834921875 0.45616640625000004 0.0704484375 0.1467078125
2 0.33183984375 0.27194765625 0.0324296875 0.0438953125
2 0.35649765625 0.26858359374999996 0.0348703125 0.0527921875
2 0.16837265625 0.24907265625 0.0367453125 0.032520312499999995
3 0.6396640625 0.663565625 0.719953125 0.6740062499999999
4 0.67606953125 0.65878359375 0.6458890625 0.6644421875
5 0.70345546875 0.53063515625 0.5944109375 0.42064531250000003
6 0.72371171875 0.47259375 0.5536734375 0.31706249999999997
7 0.75516796875 0.39473984375 0.4884609375 0.1894796875
2 0.8116093750000001 0.34427109375000003 0.22321875000000002 0.1604171875
2 0.5887203125 0.34282265624999997 0.09931562499999999 0.0887703125
2 0.88867890625 0.2670625 0.0742328125 0.04975
0 0.31024140624999996 0.31902109375 0.0267328125 0.0661671875
2 0.080046875 0.25735390625 0.06009375 0.0490828125
2 0.7695929687499999 0.25383359375 0.0829359375 0.0295421875
2 0.40363828125 0.26567734375 0.0666515625 0.0594796875
2 0.56125 0.31157265624999997 0.12250000000000001 0.1012703125
2 0.2758140625 0.27282265625 0.032878125 0.042520312500000004
0 0.48834921875 0.45616640625000004 0.0704484375 0.1467078125
2 0.33183984375 0.27194765625 0.0324296875 0.0438953125
2 0.35649765625 0.26858359374999996 0.0348703125 0.0527921875
2 0.16837265625 0.24907265625 0.0367453125 0.032520312499999995
3 0.639664 0.663566 0.719953 0.674006
4 0.676070 0.658784 0.645889 0.664442
5 0.703455 0.530635 0.594411 0.420645
6 0.723712 0.472594 0.553673 0.317062
7 0.755168 0.394740 0.488461 0.189480
2 0.811609 0.344271 0.223219 0.160417
2 0.588720 0.342823 0.099316 0.088770
2 0.888679 0.267062 0.074233 0.049750
0 0.310241 0.319021 0.026733 0.066167
2 0.080047 0.257354 0.060094 0.049083
2 0.769593 0.253834 0.082936 0.029542
2 0.403638 0.265677 0.066652 0.059480
2 0.561250 0.311573 0.122500 0.101270
2 0.275814 0.272823 0.032878 0.042520
0 0.488349 0.456166 0.070448 0.146708
2 0.331840 0.271948 0.032430 0.043895
2 0.356498 0.268584 0.034870 0.052792
2 0.168373 0.249073 0.036745 0.032520
3 0.639664 0.663566 0.719953 0.674006
4 0.676070 0.658784 0.645889 0.664442
5 0.703455 0.530635 0.594411 0.420645
6 0.723712 0.472594 0.553673 0.317062
7 0.755168 0.394740 0.488461 0.189480
2 0.811609 0.344271 0.223219 0.160417
2 0.588720 0.342823 0.099316 0.088770
2 0.888679 0.267062 0.074233 0.049750
0 0.310241 0.319021 0.026733 0.066167
2 0.080047 0.257354 0.060094 0.049083
2 0.769593 0.253834 0.082936 0.029542
2 0.403638 0.265677 0.066652 0.059480
2 0.561250 0.311573 0.122500 0.101270
2 0.275814 0.272823 0.032878 0.042520
0 0.488349 0.456166 0.070448 0.146708
2 0.331840 0.271948 0.032430 0.043895
2 0.356498 0.268584 0.034870 0.052792
2 0.168373 0.249073 0.036745 0.032520
4 0.639664 0.663566 0.719953 0.674006
5 0.676070 0.658784 0.645889 0.664442
6 0.703455 0.530635 0.594411 0.420645
7 0.723712 0.472594 0.553673 0.317062
8 0.755168 0.394740 0.488461 0.189480
3 0.811609 0.344271 0.223219 0.160417
3 0.588720 0.342823 0.099316 0.088770
3 0.888679 0.267062 0.074233 0.049750
1 0.310241 0.319021 0.026733 0.066167
3 0.080047 0.257354 0.060094 0.049083
3 0.769593 0.253834 0.082936 0.029542
3 0.403638 0.265677 0.066652 0.059480
3 0.561250 0.311573 0.122500 0.101270
3 0.275814 0.272823 0.032878 0.042520
1 0.488349 0.456166 0.070448 0.146708
3 0.331840 0.271948 0.032430 0.043895
3 0.356498 0.268584 0.034870 0.052792
3 0.168373 0.249073 0.036745 0.032520
3 0.639664 0.663566 0.719953 0.674006
4 0.676070 0.658784 0.645889 0.664442
5 0.703455 0.530635 0.594411 0.420645
6 0.723712 0.472594 0.553673 0.317062
7 0.755168 0.394740 0.488461 0.189480
2 0.811609 0.344271 0.223219 0.160417
2 0.588720 0.342823 0.099316 0.088770
2 0.888679 0.267062 0.074233 0.049750
0 0.310241 0.319021 0.026733 0.066167
2 0.080047 0.257354 0.060094 0.049083
2 0.769593 0.253834 0.082936 0.029542
2 0.403638 0.265677 0.066652 0.059480
2 0.561250 0.311573 0.122500 0.101270
2 0.275814 0.272823 0.032878 0.042520
0 0.488349 0.456166 0.070448 0.146708
2 0.331840 0.271948 0.032430 0.043895
2 0.356498 0.268584 0.034870 0.052792
2 0.168373 0.249073 0.036745 0.032520
3 0.639664 0.663566 0.719953 0.674006
4 0.676070 0.658784 0.645889 0.664442
5 0.703455 0.530635 0.594411 0.420645
6 0.723712 0.472594 0.553673 0.317062
7 0.755168 0.394740 0.488461 0.189480
2 0.811609 0.344271 0.223219 0.160417
2 0.588720 0.342823 0.099316 0.088770
2 0.888679 0.267062 0.074233 0.049750
0 0.310241 0.319021 0.026733 0.066167
2 0.080047 0.257354 0.060094 0.049083
2 0.769593 0.253834 0.082936 0.029542
2 0.403638 0.265677 0.066652 0.059480
2 0.561250 0.311573 0.122500 0.101270
2 0.275814 0.272823 0.032878 0.042520
0 0.488349 0.456166 0.070448 0.146708
2 0.331840 0.271948 0.032430 0.043895
2 0.356498 0.268584 0.034870 0.052792
2 0.168373 0.249073 0.036745 0.032520
3 0.639664 0.663566 0.719953 0.674006
4 0.676070 0.658784 0.645889 0.664442
5 0.703455 0.530635 0.594411 0.420645
6 0.723712 0.472594 0.553673 0.317062
7 0.755168 0.394740 0.488461 0.189480
2 0.811609 0.344271 0.223219 0.160417
2 0.588720 0.342823 0.099316 0.088770
2 0.888679 0.267062 0.074233 0.049750
0 0.310241 0.319021 0.026733 0.066167
2 0.080047 0.257354 0.060094 0.049083
2 0.769593 0.253834 0.082936 0.029542
2 0.403638 0.265677 0.066652 0.059480
2 0.561250 0.311573 0.122500 0.101270
2 0.275814 0.272823 0.032878 0.042520
0 0.488349 0.456166 0.070448 0.146708
2 0.331840 0.271948 0.032430 0.043895
2 0.356498 0.268584 0.034870 0.052792
2 0.168373 0.249073 0.036745 0.032520
