3 0.6396640625 0.663565625 0.719953125 0.6740062499999999
4 0.67606953125 0.65878359375 0.6458890625 0.6644421875
5 0.70345546875 0.53063515625 0.5944109375 0.42064531250000003
6 0.72371171875 0.47259375 0.5536734375 0.31706249999999997
7 0.75516796875 0.39473984375 0.4884609375 0.1894796875
2 0.7290687499999999 0.249875 0.1112625 0.11850000000000001
2 0.8552179687500001 0.25478125 0.1979359375 0.1251875
2 0.43601406249999997 0.23435390625000002 0.09702812499999999 0.11558281249999999
2 0.2892390625 0.22215625 0.047228124999999996 0.0536875
2 0.5155015625 0.23136484375 0.062253125 0.0877296875
2 0.35978750000000004 0.21804140625 0.0477 0.0642078125
2 0.8556601562499999 0.5248437499999999 0.2863203125 0.5965625
2 0.25788359375000003 0.21965625000000003 0.028267187500000002 0.0424375
2 0.08466953125000001 0.21544765625 0.05371406250000001 0.0371453125
2 0.32951640625 0.21752109375 0.027782812499999997 0.0350421875
2 0.26730546875 0.22096875000000002 0.0471109375 0.051312500000000004
3 0.6396640625 0.663565625 0.719953125 0.6740062499999999
4 0.67606953125 0.65878359375 0.6458890625 0.6644421875
5 0.70345546875 0.53063515625 0.5944109375 0.42064531250000003
6 0.72371171875 0.47259375 0.5536734375 0.31706249999999997
7 0.75516796875 0.39473984375 0.4884609375 0.1894796875
2 0.7290687499999999 0.249875 0.1112625 0.11850000000000001
2 0.8552179687500001 0.25478125 0.1979359375 0.1251875
2 0.43601406249999997 0.23435390625000002 0.09702812499999999 0.11558281249999999
2 0.2892390625 0.22215625 0.047228124999999996 0.0536875
2 0.5155015625 0.23136484375 0.062253125 0.0877296875
2 0.35978750000000004 0.21804140625 0.0477 0.0642078125
2 0.8556601562499999 0.5248437499999999 0.2863203125 0.5965625
2 0.25788359375000003 0.21965625000000003 0.028267187500000002 0.0424375
2 0.08466953125000001 0.21544765625 0.05371406250000001 0.0371453125
2 0.32951640625 0.21752109375 0.027782812499999997 0.0350421875
2 0.26730546875 0.22096875000000002 0.0471109375 0.051312500000000004
3 0.639664 0.663566 0.719953 0.674006
4 0.676070 0.658784 0.645889 0.664442
5 0.703455 0.530635 0.594411 0.420645
6 0.723712 0.472594 0.553673 0.317062
7 0.755168 0.394740 0.488461 0.189480
2 0.729069 0.249875 0.111263 0.118500
2 0.855218 0.254781 0.197936 0.125188
2 0.436014 0.234354 0.097028 0.115583
2 0.289239 0.222156 0.047228 0.053687
2 0.515502 0.231365 0.062253 0.087730
2 0.359788 0.218041 0.047700 0.064208
2 0.855660 0.524844 0.286320 0.596562
2 0.257884 0.219656 0.028267 0.042438
2 0.084670 0.215448 0.053714 0.037145
2 0.329516 0.217521 0.027783 0.035042
2 0.267305 0.220969 0.047111 0.051313
3 0.639664 0.663566 0.719953 0.674006
4 0.676070 0.658784 0.645889 0.664442
5 0.703455 0.530635 0.594411 0.420645
6 0.723712 0.472594 0.553673 0.317062
7 0.755168 0.394740 0.488461 0.189480
2 0.729069 0.249875 0.111263 0.118500
2 0.855218 0.254781 0.197936 0.125188
2 0.436014 0.234354 0.097028 0.115583
2 0.289239 0.222156 0.047228 0.053687
2 0.515502 0.231365 0.062253 0.087730
2 0.359788 0.218041 0.047700 0.064208
2 0.855660 0.524844 0.286320 0.596562
2 0.257884 0.219656 0.028267 0.042438
2 0.084670 0.215448 0.053714 0.037145
2 0.329516 0.217521 0.027783 0.035042
2 0.267305 0.220969 0.047111 0.051313
4 0.639664 0.663566 0.719953 0.674006
5 0.676070 0.658784 0.645889 0.664442
6 0.703455 0.530635 0.594411 0.420645
7 0.723712 0.472594 0.553673 0.317062
8 0.755168 0.394740 0.488461 0.189480
3 0.729069 0.249875 0.111263 0.118500
3 0.855218 0.254781 0.197936 0.125188
3 0.436014 0.234354 0.097028 0.115583
3 0.289239 0.222156 0.047228 0.053687
3 0.515502 0.231365 0.062253 0.087730
3 0.359788 0.218041 0.047700 0.064208
3 0.855660 0.524844 0.286320 0.596562
3 0.257884 0.219656 0.028267 0.042438
3 0.084670 0.215448 0.053714 0.037145
3 0.329516 0.217521 0.027783 0.035042
3 0.267305 0.220969 0.047111 0.051313
3 0.639664 0.663566 0.719953 0.674006
4 0.676070 0.658784 0.645889 0.664442
5 0.703455 0.530635 0.594411 0.420645
6 0.723712 0.472594 0.553673 0.317062
7 0.755168 0.394740 0.488461 0.189480
2 0.729069 0.249875 0.111263 0.118500
2 0.855218 0.254781 0.197936 0.125188
2 0.436014 0.234354 0.097028 0.115583
2 0.289239 0.222156 0.047228 0.053687
2 0.515502 0.231365 0.062253 0.087730
2 0.359788 0.218041 0.047700 0.064208
2 0.855660 0.524844 0.286320 0.596562
2 0.257884 0.219656 0.028267 0.042438
2 0.084670 0.215448 0.053714 0.037145
2 0.329516 0.217521 0.027783 0.035042
2 0.267305 0.220969 0.047111 0.051313
3 0.639664 0.663566 0.719953 0.674006
4 0.676070 0.658784 0.645889 0.664442
5 0.703455 0.530635 0.594411 0.420645
6 0.723712 0.472594 0.553673 0.317062
7 0.755168 0.394740 0.488461 0.189480
2 0.729069 0.249875 0.111263 0.118500
2 0.855218 0.254781 0.197936 0.125188
2 0.436014 0.234354 0.097028 0.115583
2 0.289239 0.222156 0.047228 0.053687
2 0.515502 0.231365 0.062253 0.087730
2 0.359788 0.218041 0.047700 0.064208
2 0.855660 0.524844 0.286320 0.596562
2 0.257884 0.219656 0.028267 0.042438
2 0.084670 0.215448 0.053714 0.037145
2 0.329516 0.217521 0.027783 0.035042
2 0.267305 0.220969 0.047111 0.051313
3 0.639664 0.663566 0.719953 0.674006
4 0.676070 0.658784 0.645889 0.664442
5 0.703455 0.530635 0.594411 0.420645
6 0.723712 0.472594 0.553673 0.317062
7 0.755168 0.394740 0.488461 0.189480
2 0.729069 0.249875 0.111263 0.118500
2 0.855218 0.254781 0.197936 0.125188
2 0.436014 0.234354 0.097028 0.115583
2 0.289239 0.222156 0.047228 0.053687
2 0.515502 0.231365 0.062253 0.087730
2 0.359788 0.218041 0.047700 0.064208
2 0.855660 0.524844 0.286320 0.596562
2 0.257884 0.219656 0.028267 0.042438
2 0.084670 0.215448 0.053714 0.037145
2 0.329516 0.217521 0.027783 0.035042
2 0.267305 0.220969 0.047111 0.051313
