3 0.6396640625 0.663565625 0.719953125 0.6740062499999999
4 0.67606953125 0.65878359375 0.6458890625 0.6644421875
5 0.70345546875 0.53063515625 0.5944109375 0.42064531250000003
6 0.72371171875 0.47259375 0.5536734375 0.31706249999999997
7 0.75516796875 0.39473984375 0.4884609375 0.1894796875
2 0.41847890625 0.25196874999999996 0.10883281250000001 0.11956249999999999
2 0.52287109375 0.24210390625000003 0.09574218749999999 0.1154578125
2 0.6119578125 0.27826015625 0.058290625 0.1565203125
2 0.3070046875 0.20488515624999998 0.039009375 0.0378953125
2 0.593025 0.22940624999999998 0.06417500000000001 0.0869375
2 0.3536140625 0.20536484375000003 0.050978125 0.07635468749999999
2 0.26448125 0.21279140624999998 0.032087500000000005 0.0318328125
9 0.8142484375000001 0.42641640625 0.372246875 0.8528328125
3 0.6396640625 0.663565625 0.719953125 0.6740062499999999
4 0.67606953125 0.65878359375 0.6458890625 0.6644421875
5 0.70345546875 0.53063515625 0.5944109375 0.42064531250000003
6 0.72371171875 0.47259375 0.5536734375 0.31706249999999997
7 0.75516796875 0.39473984375 0.4884609375 0.1894796875
2 0.41847890625 0.25196874999999996 0.10883281250000001 0.11956249999999999
2 0.52287109375 0.24210390625000003 0.09574218749999999 0.1154578125
2 0.6119578125 0.27826015625 0.058290625 0.1565203125
2 0.3070046875 0.20488515624999998 0.039009375 0.0378953125
2 0.593025 0.22940624999999998 0.06417500000000001 0.0869375
2 0.3536140625 0.20536484375000003 0.050978125 0.07635468749999999
2 0.26448125 0.21279140624999998 0.032087500000000005 0.0318328125
9 0.8142484375000001 0.42641640625 0.372246875 0.8528328125
3 0.639664 0.663566 0.719953 0.674006
4 0.676070 0.658784 0.645889 0.664442
5 0.703455 0.530635 0.594411 0.420645
6 0.723712 0.472594 0.553673 0.317062
7 0.755168 0.394740 0.488461 0.189480
2 0.418479 0.251969 0.108833 0.119562
2 0.522871 0.242104 0.095742 0.115458
2 0.611958 0.278260 0.058291 0.156520
2 0.307005 0.204885 0.039009 0.037895
2 0.593025 0.229406 0.064175 0.086938
2 0.353614 0.205365 0.050978 0.076355
2 0.264481 0.212791 0.032088 0.031833
9 0.814248 0.426416 0.372247 0.852833
3 0.639664 0.663566 0.719953 0.674006
4 0.676070 0.658784 0.645889 0.664442
5 0.703455 0.530635 0.594411 0.420645
6 0.723712 0.472594 0.553673 0.317062
7 0.755168 0.394740 0.488461 0.189480
2 0.418479 0.251969 0.108833 0.119562
2 0.522871 0.242104 0.095742 0.115458
2 0.611958 0.278260 0.058291 0.156520
2 0.307005 0.204885 0.039009 0.037895
2 0.593025 0.229406 0.064175 0.086938
2 0.353614 0.205365 0.050978 0.076355
2 0.264481 0.212791 0.032088 0.031833
9 0.814248 0.426416 0.372247 0.852833
4 0.639664 0.663566 0.719953 0.674006
5 0.676070 0.658784 0.645889 0.664442
6 0.703455 0.530635 0.594411 0.420645
7 0.723712 0.472594 0.553673 0.317062
8 0.755168 0.394740 0.488461 0.189480
3 0.418479 0.251969 0.108833 0.119562
3 0.522871 0.242104 0.095742 0.115458
3 0.611958 0.278260 0.058291 0.156520
3 0.307005 0.204885 0.039009 0.037895
3 0.593025 0.229406 0.064175 0.086938
3 0.353614 0.205365 0.050978 0.076355
3 0.264481 0.212791 0.032088 0.031833
10 0.814248 0.426416 0.372247 0.852833
3 0.639664 0.663566 0.719953 0.674006
4 0.676070 0.658784 0.645889 0.664442
5 0.703455 0.530635 0.594411 0.420645
6 0.723712 0.472594 0.553673 0.317062
7 0.755168 0.394740 0.488461 0.189480
2 0.418479 0.251969 0.108833 0.119562
2 0.522871 0.242104 0.095742 0.115458
2 0.611958 0.278260 0.058291 0.156520
2 0.307005 0.204885 0.039009 0.037895
2 0.593025 0.229406 0.064175 0.086938
2 0.353614 0.205365 0.050978 0.076355
2 0.264481 0.212791 0.032088 0.031833
9 0.814248 0.426416 0.372247 0.852833
3 0.639664 0.663566 0.719953 0.674006
4 0.676070 0.658784 0.645889 0.664442
5 0.703455 0.530635 0.594411 0.420645
6 0.723712 0.472594 0.553673 0.317062
7 0.755168 0.394740 0.488461 0.189480
2 0.418479 0.251969 0.108833 0.119562
2 0.522871 0.242104 0.095742 0.115458
2 0.611958 0.278260 0.058291 0.156520
2 0.307005 0.204885 0.039009 0.037895
2 0.593025 0.229406 0.064175 0.086938
2 0.353614 0.205365 0.050978 0.076355
2 0.264481 0.212791 0.032088 0.031833
9 0.814248 0.426416 0.372247 0.852833
3 0.639664 0.663566 0.719953 0.674006
4 0.676070 0.658784 0.645889 0.664442
5 0.703455 0.530635 0.594411 0.420645
6 0.723712 0.472594 0.553673 0.317062
7 0.755168 0.394740 0.488461 0.189480
2 0.418479 0.251969 0.108833 0.119562
2 0.522871 0.242104 0.095742 0.115458
2 0.611958 0.278260 0.058291 0.156520
2 0.307005 0.204885 0.039009 0.037895
2 0.593025 0.229406 0.064175 0.086938
2 0.353614 0.205365 0.050978 0.076355
2 0.264481 0.212791 0.032088 0.031833
9 0.814248 0.426416 0.372247 0.852833
