3 0.6396640625 0.663565625 0.719953125 0.6740062499999999
4 0.67606953125 0.65878359375 0.6458890625 0.6644421875
5 0.70345546875 0.53063515625 0.5944109375 0.42064531250000003
6 0.72371171875 0.47259375 0.5536734375 0.31706249999999997
7 0.75516796875 0.39473984375 0.4884609375 0.1894796875
2 0.77206953125 0.41592734374999996 0.44726406250000006 0.4131046875
2 0.38805390625 0.26344765625 0.10735781250000001 0.11752031249999999
2 0.4806484375 0.24897890625 0.089421875 0.0917078125
2 0.30910937499999996 0.23692734375 0.05571875 0.06447968750000001
2 0.52782421875 0.22705234375 0.0618984375 0.0697296875
2 0.788803125 0.26266640625 0.29010625 0.1659578125
3 0.6396640625 0.663565625 0.719953125 0.6740062499999999
4 0.67606953125 0.65878359375 0.6458890625 0.6644421875
5 0.70345546875 0.53063515625 0.5944109375 0.42064531250000003
6 0.72371171875 0.47259375 0.5536734375 0.31706249999999997
7 0.75516796875 0.39473984375 0.4884609375 0.1894796875
2 0.77206953125 0.41592734374999996 0.44726406250000006 0.4131046875
2 0.38805390625 0.26344765625 0.10735781250000001 0.11752031249999999
2 0.4806484375 0.24897890625 0.089421875 0.0917078125
2 0.30910937499999996 0.23692734375 0.05571875 0.06447968750000001
2 0.52782421875 0.22705234375 0.0618984375 0.0697296875
2 0.788803125 0.26266640625 0.29010625 0.1659578125
3 0.639664 0.663566 0.719953 0.674006
4 0.676070 0.658784 0.645889 0.664442
5 0.703455 0.530635 0.594411 0.420645
6 0.723712 0.472594 0.553673 0.317062
7 0.755168 0.394740 0.488461 0.189480
2 0.772070 0.415927 0.447264 0.413105
2 0.388054 0.263448 0.107358 0.117520
2 0.480648 0.248979 0.089422 0.091708
2 0.309109 0.236927 0.055719 0.064480
2 0.527824 0.227052 0.061898 0.069730
2 0.788803 0.262666 0.290106 0.165958
3 0.639664 0.663566 0.719953 0.674006
4 0.676070 0.658784 0.645889 0.664442
5 0.703455 0.530635 0.594411 0.420645
6 0.723712 0.472594 0.553673 0.317062
7 0.755168 0.394740 0.488461 0.189480
2 0.772070 0.415927 0.447264 0.413105
2 0.388054 0.263448 0.107358 0.117520
2 0.480648 0.248979 0.089422 0.091708
2 0.309109 0.236927 0.055719 0.064480
2 0.527824 0.227052 0.061898 0.069730
2 0.788803 0.262666 0.290106 0.165958
4 0.639664 0.663566 0.719953 0.674006
5 0.676070 0.658784 0.645889 0.664442
6 0.703455 0.530635 0.594411 0.420645
7 0.723712 0.472594 0.553673 0.317062
8 0.755168 0.394740 0.488461 0.189480
3 0.772070 0.415927 0.447264 0.413105
3 0.388054 0.263448 0.107358 0.117520
3 0.480648 0.248979 0.089422 0.091708
3 0.309109 0.236927 0.055719 0.064480
3 0.527824 0.227052 0.061898 0.069730
3 0.788803 0.262666 0.290106 0.165958
3 0.639664 0.663566 0.719953 0.674006
4 0.676070 0.658784 0.645889 0.664442
5 0.703455 0.530635 0.594411 0.420645
6 0.723712 0.472594 0.553673 0.317062
7 0.755168 0.394740 0.488461 0.189480
2 0.772070 0.415927 0.447264 0.413105
2 0.388054 0.263448 0.107358 0.117520
2 0.480648 0.248979 0.089422 0.091708
2 0.309109 0.236927 0.055719 0.064480
2 0.527824 0.227052 0.061898 0.069730
2 0.788803 0.262666 0.290106 0.165958
3 0.639664 0.663566 0.719953 0.674006
4 0.676070 0.658784 0.645889 0.664442
5 0.703455 0.530635 0.594411 0.420645
6 0.723712 0.472594 0.553673 0.317062
7 0.755168 0.394740 0.488461 0.189480
2 0.772070 0.415927 0.447264 0.413105
2 0.388054 0.263448 0.107358 0.117520
2 0.480648 0.248979 0.089422 0.091708
2 0.309109 0.236927 0.055719 0.064480
2 0.527824 0.227052 0.061898 0.069730
2 0.788803 0.262666 0.290106 0.165958
3 0.639664 0.663566 0.719953 0.674006
4 0.676070 0.658784 0.645889 0.664442
5 0.703455 0.530635 0.594411 0.420645
6 0.723712 0.472594 0.553673 0.317062
7 0.755168 0.394740 0.488461 0.189480
2 0.772070 0.415927 0.447264 0.413105
2 0.388054 0.263448 0.107358 0.117520
2 0.480648 0.248979 0.089422 0.091708
2 0.309109 0.236927 0.055719 0.064480
2 0.527824 0.227052 0.061898 0.069730
2 0.788803 0.262666 0.290106 0.165958
