3 0.6396640625 0.663565625 0.719953125 0.6740062499999999
4 0.67606953125 0.65878359375 0.6458890625 0.6644421875
5 0.70345546875 0.53063515625 0.5944109375 0.42064531250000003
6 0.72371171875 0.47259375 0.5536734375 0.31706249999999997
7 0.75516796875 0.39473984375 0.4884609375 0.1894796875
2 0.768178125 0.2683125 0.17073125 0.174125
2 0.43791250000000004 0.2525 0.06332499999999999 0.08
2 0.52135 0.27470859375 0.1177 0.1275421875
2 0.9101382812500001 0.33894765625 0.1796515625 0.2903953125
2 0.06194609375 0.22826015625 0.06764218749999999 0.0533953125
2 0.15260625 0.21726015625 0.0333375 0.0313953125
2 0.251196875 0.22444765625000002 0.04614375 0.0426453125
2 0.32501796875 0.24845859374999998 0.053160937500000005 0.0906671875
2 0.1066625 0.21810390625 0.0227 0.0362078125
3 0.6396640625 0.663565625 0.719953125 0.6740062499999999
4 0.67606953125 0.65878359375 0.6458890625 0.6644421875
5 0.70345546875 0.53063515625 0.5944109375 0.42064531250000003
6 0.72371171875 0.47259375 0.5536734375 0.31706249999999997
7 0.75516796875 0.39473984375 0.4884609375 0.1894796875
2 0.768178125 0.2683125 0.17073125 0.174125
2 0.43791250000000004 0.2525 0.06332499999999999 0.08
2 0.52135 0.27470859375 0.1177 0.1275421875
2 0.9101382812500001 0.33894765625 0.1796515625 0.2903953125
2 0.06194609375 0.22826015625 0.06764218749999999 0.0533953125
2 0.15260625 0.21726015625 0.0333375 0.0313953125
2 0.251196875 0.22444765625000002 0.04614375 0.0426453125
2 0.32501796875 0.24845859374999998 0.053160937500000005 0.0906671875
2 0.1066625 0.21810390625 0.0227 0.0362078125
3 0.639664 0.663566 0.719953 0.674006
4 0.676070 0.658784 0.645889 0.664442
5 0.703455 0.530635 0.594411 0.420645
6 0.723712 0.472594 0.553673 0.317062
7 0.755168 0.394740 0.488461 0.189480
2 0.768178 0.268313 0.170731 0.174125
2 0.437913 0.252500 0.063325 0.080000
2 0.521350 0.274709 0.117700 0.127542
2 0.910138 0.338948 0.179652 0.290395
2 0.061946 0.228260 0.067642 0.053395
2 0.152606 0.217260 0.033337 0.031395
2 0.251197 0.224448 0.046144 0.042645
2 0.325018 0.248459 0.053161 0.090667
2 0.106662 0.218104 0.022700 0.036208
3 0.639664 0.663566 0.719953 0.674006
4 0.676070 0.658784 0.645889 0.664442
5 0.703455 0.530635 0.594411 0.420645
6 0.723712 0.472594 0.553673 0.317062
7 0.755168 0.394740 0.488461 0.189480
2 0.768178 0.268313 0.170731 0.174125
2 0.437913 0.252500 0.063325 0.080000
2 0.521350 0.274709 0.117700 0.127542
2 0.910138 0.338948 0.179652 0.290395
2 0.061946 0.228260 0.067642 0.053395
2 0.152606 0.217260 0.033337 0.031395
2 0.251197 0.224448 0.046144 0.042645
2 0.325018 0.248459 0.053161 0.090667
2 0.106662 0.218104 0.022700 0.036208
4 0.639664 0.663566 0.719953 0.674006
5 0.676070 0.658784 0.645889 0.664442
6 0.703455 0.530635 0.594411 0.420645
7 0.723712 0.472594 0.553673 0.317062
8 0.755168 0.394740 0.488461 0.189480
3 0.768178 0.268313 0.170731 0.174125
3 0.437913 0.252500 0.063325 0.080000
3 0.521350 0.274709 0.117700 0.127542
3 0.910138 0.338948 0.179652 0.290395
3 0.061946 0.228260 0.067642 0.053395
3 0.152606 0.217260 0.033337 0.031395
3 0.251197 0.224448 0.046144 0.042645
3 0.325018 0.248459 0.053161 0.090667
3 0.106662 0.218104 0.022700 0.036208
3 0.639664 0.663566 0.719953 0.674006
4 0.676070 0.658784 0.645889 0.664442
5 0.703455 0.530635 0.594411 0.420645
6 0.723712 0.472594 0.553673 0.317062
7 0.755168 0.394740 0.488461 0.189480
2 0.768178 0.268313 0.170731 0.174125
2 0.437913 0.252500 0.063325 0.080000
2 0.521350 0.274709 0.117700 0.127542
2 0.910138 0.338948 0.179652 0.290395
2 0.061946 0.228260 0.067642 0.053395
2 0.152606 0.217260 0.033337 0.031395
2 0.251197 0.224448 0.046144 0.042645
2 0.325018 0.248459 0.053161 0.090667
2 0.106662 0.218104 0.022700 0.036208
3 0.639664 0.663566 0.719953 0.674006
4 0.676070 0.658784 0.645889 0.664442
5 0.703455 0.530635 0.594411 0.420645
6 0.723712 0.472594 0.553673 0.317062
7 0.755168 0.394740 0.488461 0.189480
2 0.768178 0.268313 0.170731 0.174125
2 0.437913 0.252500 0.063325 0.080000
2 0.521350 0.274709 0.117700 0.127542
2 0.910138 0.338948 0.179652 0.290395
2 0.061946 0.228260 0.067642 0.053395
2 0.152606 0.217260 0.033337 0.031395
2 0.251197 0.224448 0.046144 0.042645
2 0.325018 0.248459 0.053161 0.090667
2 0.106662 0.218104 0.022700 0.036208
3 0.639664 0.663566 0.719953 0.674006
4 0.676070 0.658784 0.645889 0.664442
5 0.703455 0.530635 0.594411 0.420645
6 0.723712 0.472594 0.553673 0.317062
7 0.755168 0.394740 0.488461 0.189480
2 0.768178 0.268313 0.170731 0.174125
2 0.437913 0.252500 0.063325 0.080000
2 0.521350 0.274709 0.117700 0.127542
2 0.910138 0.338948 0.179652 0.290395
2 0.061946 0.228260 0.067642 0.053395
2 0.152606 0.217260 0.033337 0.031395
2 0.251197 0.224448 0.046144 0.042645
2 0.325018 0.248459 0.053161 0.090667
2 0.106662 0.218104 0.022700 0.036208
