3 0.6396640625 0.663565625 0.719953125 0.6740062499999999
4 0.67606953125 0.65878359375 0.6458890625 0.6644421875
5 0.70345546875 0.53063515625 0.5944109375 0.42064531250000003
6 0.72371171875 0.47259375 0.5536734375 0.31706249999999997
7 0.75516796875 0.39473984375 0.4884609375 0.1894796875
2 0.7402828125 0.2830625 0.133690625 0.134875
2 0.56180390625 0.25078125 0.10173281249999999 0.0984375
9 0.41478203125 0.23399999999999999 0.1326890625 0.22112500000000002
2 0.32662109375 0.24362500000000004 0.0438671875 0.065375
2 0.49339609375000004 0.25764609374999997 0.036792187500000004 0.0902921875
2 0.23227578124999998 0.21667734374999997 0.020801562500000002 0.0333546875
2 0.25199296875 0.21949999999999997 0.025860937499999997 0.035875000000000004
3 0.6396640625 0.663565625 0.719953125 0.6740062499999999
4 0.67606953125 0.65878359375 0.6458890625 0.6644421875
5 0.70345546875 0.53063515625 0.5944109375 0.42064531250000003
6 0.72371171875 0.47259375 0.5536734375 0.31706249999999997
7 0.75516796875 0.39473984375 0.4884609375 0.1894796875
2 0.7402828125 0.2830625 0.133690625 0.134875
2 0.56180390625 0.25078125 0.10173281249999999 0.0984375
9 0.41478203125 0.23399999999999999 0.1326890625 0.22112500000000002
2 0.32662109375 0.24362500000000004 0.0438671875 0.065375
2 0.49339609375000004 0.25764609374999997 0.036792187500000004 0.0902921875
2 0.23227578124999998 0.21667734374999997 0.020801562500000002 0.0333546875
2 0.25199296875 0.21949999999999997 0.025860937499999997 0.035875000000000004
3 0.639664 0.663566 0.719953 0.674006
4 0.676070 0.658784 0.645889 0.664442
5 0.703455 0.530635 0.594411 0.420645
6 0.723712 0.472594 0.553673 0.317062
7 0.755168 0.394740 0.488461 0.189480
2 0.740283 0.283062 0.133691 0.134875
2 0.561804 0.250781 0.101733 0.098437
9 0.414782 0.234000 0.132689 0.221125
2 0.326621 0.243625 0.043867 0.065375
2 0.493396 0.257646 0.036792 0.090292
2 0.232276 0.216677 0.020802 0.033355
2 0.251993 0.219500 0.025861 0.035875
3 0.639664 0.663566 0.719953 0.674006
4 0.676070 0.658784 0.645889 0.664442
5 0.703455 0.530635 0.594411 0.420645
6 0.723712 0.472594 0.553673 0.317062
7 0.755168 0.394740 0.488461 0.189480
2 0.740283 0.283062 0.133691 0.134875
2 0.561804 0.250781 0.101733 0.098437
9 0.414782 0.234000 0.132689 0.221125
2 0.326621 0.243625 0.043867 0.065375
2 0.493396 0.257646 0.036792 0.090292
2 0.232276 0.216677 0.020802 0.033355
2 0.251993 0.219500 0.025861 0.035875
4 0.639664 0.663566 0.719953 0.674006
5 0.676070 0.658784 0.645889 0.664442
6 0.703455 0.530635 0.594411 0.420645
7 0.723712 0.472594 0.553673 0.317062
8 0.755168 0.394740 0.488461 0.189480
3 0.740283 0.283062 0.133691 0.134875
3 0.561804 0.250781 0.101733 0.098437
10 0.414782 0.234000 0.132689 0.221125
3 0.326621 0.243625 0.043867 0.065375
3 0.493396 0.257646 0.036792 0.090292
3 0.232276 0.216677 0.020802 0.033355
3 0.251993 0.219500 0.025861 0.035875
3 0.639664 0.663566 0.719953 0.674006
4 0.676070 0.658784 0.645889 0.664442
5 0.703455 0.530635 0.594411 0.420645
6 0.723712 0.472594 0.553673 0.317062
7 0.755168 0.394740 0.488461 0.189480
2 0.740283 0.283062 0.133691 0.134875
2 0.561804 0.250781 0.101733 0.098437
9 0.414782 0.234000 0.132689 0.221125
2 0.326621 0.243625 0.043867 0.065375
2 0.493396 0.257646 0.036792 0.090292
2 0.232276 0.216677 0.020802 0.033355
2 0.251993 0.219500 0.025861 0.035875
3 0.639664 0.663566 0.719953 0.674006
4 0.676070 0.658784 0.645889 0.664442
5 0.703455 0.530635 0.594411 0.420645
6 0.723712 0.472594 0.553673 0.317062
7 0.755168 0.394740 0.488461 0.189480
2 0.740283 0.283062 0.133691 0.134875
2 0.561804 0.250781 0.101733 0.098437
9 0.414782 0.234000 0.132689 0.221125
2 0.326621 0.243625 0.043867 0.065375
2 0.493396 0.257646 0.036792 0.090292
2 0.232276 0.216677 0.020802 0.033355
2 0.251993 0.219500 0.025861 0.035875
3 0.639664 0.663566 0.719953 0.674006
4 0.676070 0.658784 0.645889 0.664442
5 0.703455 0.530635 0.594411 0.420645
6 0.723712 0.472594 0.553673 0.317062
7 0.755168 0.394740 0.488461 0.189480
2 0.740283 0.283062 0.133691 0.134875
2 0.561804 0.250781 0.101733 0.098437
9 0.414782 0.234000 0.132689 0.221125
2 0.326621 0.243625 0.043867 0.065375
2 0.493396 0.257646 0.036792 0.090292
2 0.232276 0.216677 0.020802 0.033355
2 0.251993 0.219500 0.025861 0.035875
