3 0.6396640625 0.663565625 0.719953125 0.6740062499999999
4 0.67606953125 0.65878359375 0.6458890625 0.6644421875
5 0.70345546875 0.53063515625 0.5944109375 0.42064531250000003
6 0.72371171875 0.47259375 0.5536734375 0.31706249999999997
7 0.75516796875 0.39473984375 0.4884609375 0.1894796875
2 0.77635 0.28642734375 0.19019999999999998 0.1853546875
2 0.399528125 0.27717734375 0.12405625 0.1543546875
2 0.52733515625 0.28725 0.11717031250000001 0.11200000000000002
2 0.311921875 0.23403125 0.07071875 0.1149375
2 0.23926875 0.22903125000000002 0.0285375 0.0268125
2 0.9000648437500001 0.39077109375 0.2001296875 0.31591718750000003
2 0.5717156250000001 0.24965625 0.06218125 0.08056250000000001
2 0.455725 0.24233359375000002 0.036449999999999996 0.0534171875
3 0.6396640625 0.663565625 0.719953125 0.6740062499999999
4 0.67606953125 0.65878359375 0.6458890625 0.6644421875
5 0.70345546875 0.53063515625 0.5944109375 0.42064531250000003
6 0.72371171875 0.47259375 0.5536734375 0.31706249999999997
7 0.75516796875 0.39473984375 0.4884609375 0.1894796875
2 0.77635 0.28642734375 0.19019999999999998 0.1853546875
2 0.399528125 0.27717734375 0.12405625 0.1543546875
2 0.52733515625 0.28725 0.11717031250000001 0.11200000000000002
2 0.311921875 0.23403125 0.07071875 0.1149375
2 0.23926875 0.22903125000000002 0.0285375 0.0268125
2 0.9000648437500001 0.39077109375 0.2001296875 0.31591718750000003
2 0.5717156250000001 0.24965625 0.06218125 0.08056250000000001
2 0.455725 0.24233359375000002 0.036449999999999996 0.0534171875
3 0.639664 0.663566 0.719953 0.674006
4 0.676070 0.658784 0.645889 0.664442
5 0.703455 0.530635 0.594411 0.420645
6 0.723712 0.472594 0.553673 0.317062
7 0.755168 0.394740 0.488461 0.189480
2 0.776350 0.286427 0.190200 0.185355
2 0.399528 0.277177 0.124056 0.154355
2 0.527335 0.287250 0.117170 0.112000
2 0.311922 0.234031 0.070719 0.114937
2 0.239269 0.229031 0.028538 0.026812
2 0.900065 0.390771 0.200130 0.315917
2 0.571716 0.249656 0.062181 0.080563
2 0.455725 0.242334 0.036450 0.053417
3 0.639664 0.663566 0.719953 0.674006
4 0.676070 0.658784 0.645889 0.664442
5 0.703455 0.530635 0.594411 0.420645
6 0.723712 0.472594 0.553673 0.317062
7 0.755168 0.394740 0.488461 0.189480
2 0.776350 0.286427 0.190200 0.185355
2 0.399528 0.277177 0.124056 0.154355
2 0.527335 0.287250 0.117170 0.112000
2 0.311922 0.234031 0.070719 0.114937
2 0.239269 0.229031 0.028538 0.026812
2 0.900065 0.390771 0.200130 0.315917
2 0.571716 0.249656 0.062181 0.080563
2 0.455725 0.242334 0.036450 0.053417
4 0.639664 0.663566 0.719953 0.674006
5 0.676070 0.658784 0.645889 0.664442
6 0.703455 0.530635 0.594411 0.420645
7 0.723712 0.472594 0.553673 0.317062
8 0.755168 0.394740 0.488461 0.189480
3 0.776350 0.286427 0.190200 0.185355
3 0.399528 0.277177 0.124056 0.154355
3 0.527335 0.287250 0.117170 0.112000
3 0.311922 0.234031 0.070719 0.114937
3 0.239269 0.229031 0.028538 0.026812
3 0.900065 0.390771 0.200130 0.315917
3 0.571716 0.249656 0.062181 0.080563
3 0.455725 0.242334 0.036450 0.053417
3 0.639664 0.663566 0.719953 0.674006
4 0.676070 0.658784 0.645889 0.664442
5 0.703455 0.530635 0.594411 0.420645
6 0.723712 0.472594 0.553673 0.317062
7 0.755168 0.394740 0.488461 0.189480
2 0.776350 0.286427 0.190200 0.185355
2 0.399528 0.277177 0.124056 0.154355
2 0.527335 0.287250 0.117170 0.112000
2 0.311922 0.234031 0.070719 0.114937
2 0.239269 0.229031 0.028538 0.026812
2 0.900065 0.390771 0.200130 0.315917
2 0.571716 0.249656 0.062181 0.080563
2 0.455725 0.242334 0.036450 0.053417
3 0.639664 0.663566 0.719953 0.674006
4 0.676070 0.658784 0.645889 0.664442
5 0.703455 0.530635 0.594411 0.420645
6 0.723712 0.472594 0.553673 0.317062
7 0.755168 0.394740 0.488461 0.189480
2 0.776350 0.286427 0.190200 0.185355
2 0.399528 0.277177 0.124056 0.154355
2 0.527335 0.287250 0.117170 0.112000
2 0.311922 0.234031 0.070719 0.114937
2 0.239269 0.229031 0.028538 0.026812
2 0.900065 0.390771 0.200130 0.315917
2 0.571716 0.249656 0.062181 0.080563
2 0.455725 0.242334 0.036450 0.053417
3 0.639664 0.663566 0.719953 0.674006
4 0.676070 0.658784 0.645889 0.664442
5 0.703455 0.530635 0.594411 0.420645
6 0.723712 0.472594 0.553673 0.317062
7 0.755168 0.394740 0.488461 0.189480
2 0.776350 0.286427 0.190200 0.185355
2 0.399528 0.277177 0.124056 0.154355
2 0.527335 0.287250 0.117170 0.112000
2 0.311922 0.234031 0.070719 0.114937
2 0.239269 0.229031 0.028538 0.026812
2 0.900065 0.390771 0.200130 0.315917
2 0.571716 0.249656 0.062181 0.080563
2 0.455725 0.242334 0.036450 0.053417
