3 0.6396640625 0.663565625 0.719953125 0.6740062499999999
4 0.67606953125 0.65878359375 0.6458890625 0.6644421875
5 0.70345546875 0.53063515625 0.5944109375 0.42064531250000003
6 0.72371171875 0.47259375 0.5536734375 0.31706249999999997
7 0.75516796875 0.39473984375 0.4884609375 0.1894796875
2 0.52475234375 0.25397890625 0.10575468750000001 0.12045781250000001
2 0.43561875 0.28148984375 0.1368625 0.1536046875
2 0.57277734375 0.23485390625 0.0705546875 0.0915828125
2 0.32747031249999997 0.24401015624999997 0.07056562499999999 0.0661453125
2 0.25182812499999996 0.21301015625000003 0.02553125 0.032270312499999995
2 0.8725945312500001 0.30429140625 0.2514390625 0.2710828125
2 0.32610859375 0.21602109375 0.07409218749999999 0.1007921875
2 0.8916804687500001 0.47990625 0.2146109375 0.5598124999999999
3 0.6396640625 0.663565625 0.719953125 0.6740062499999999
4 0.67606953125 0.65878359375 0.6458890625 0.6644421875
5 0.70345546875 0.53063515625 0.5944109375 0.42064531250000003
6 0.72371171875 0.47259375 0.5536734375 0.31706249999999997
7 0.75516796875 0.39473984375 0.4884609375 0.1894796875
2 0.52475234375 0.25397890625 0.10575468750000001 0.12045781250000001
2 0.43561875 0.28148984375 0.1368625 0.1536046875
2 0.57277734375 0.23485390625 0.0705546875 0.0915828125
2 0.32747031249999997 0.24401015624999997 0.07056562499999999 0.0661453125
2 0.25182812499999996 0.21301015625000003 0.02553125 0.032270312499999995
2 0.8725945312500001 0.30429140625 0.2514390625 0.2710828125
2 0.32610859375 0.21602109375 0.07409218749999999 0.1007921875
2 0.8916804687500001 0.47990625 0.2146109375 0.5598124999999999
3 0.639664 0.663566 0.719953 0.674006
4 0.676070 0.658784 0.645889 0.664442
5 0.703455 0.530635 0.594411 0.420645
6 0.723712 0.472594 0.553673 0.317062
7 0.755168 0.394740 0.488461 0.189480
2 0.524752 0.253979 0.105755 0.120458
2 0.435619 0.281490 0.136862 0.153605
2 0.572777 0.234854 0.070555 0.091583
2 0.327470 0.244010 0.070566 0.066145
2 0.251828 0.213010 0.025531 0.032270
2 0.872595 0.304291 0.251439 0.271083
2 0.326109 0.216021 0.074092 0.100792
2 0.891680 0.479906 0.214611 0.559812
3 0.639664 0.663566 0.719953 0.674006
4 0.676070 0.658784 0.645889 0.664442
5 0.703455 0.530635 0.594411 0.420645
6 0.723712 0.472594 0.553673 0.317062
7 0.755168 0.394740 0.488461 0.189480
2 0.524752 0.253979 0.105755 0.120458
2 0.435619 0.281490 0.136862 0.153605
2 0.572777 0.234854 0.070555 0.091583
2 0.327470 0.244010 0.070566 0.066145
2 0.251828 0.213010 0.025531 0.032270
2 0.872595 0.304291 0.251439 0.271083
2 0.326109 0.216021 0.074092 0.100792
2 0.891680 0.479906 0.214611 0.559812
4 0.639664 0.663566 0.719953 0.674006
5 0.676070 0.658784 0.645889 0.664442
6 0.703455 0.530635 0.594411 0.420645
7 0.723712 0.472594 0.553673 0.317062
8 0.755168 0.394740 0.488461 0.189480
3 0.524752 0.253979 0.105755 0.120458
3 0.435619 0.281490 0.136862 0.153605
3 0.572777 0.234854 0.070555 0.091583
3 0.327470 0.244010 0.070566 0.066145
3 0.251828 0.213010 0.025531 0.032270
3 0.872595 0.304291 0.251439 0.271083
3 0.326109 0.216021 0.074092 0.100792
3 0.891680 0.479906 0.214611 0.559812
3 0.639664 0.663566 0.719953 0.674006
4 0.676070 0.658784 0.645889 0.664442
5 0.703455 0.530635 0.594411 0.420645
6 0.723712 0.472594 0.553673 0.317062
7 0.755168 0.394740 0.488461 0.189480
2 0.524752 0.253979 0.105755 0.120458
2 0.435619 0.281490 0.136862 0.153605
2 0.572777 0.234854 0.070555 0.091583
2 0.327470 0.244010 0.070566 0.066145
2 0.251828 0.213010 0.025531 0.032270
2 0.872595 0.304291 0.251439 0.271083
2 0.326109 0.216021 0.074092 0.100792
2 0.891680 0.479906 0.214611 0.559812
3 0.639664 0.663566 0.719953 0.674006
4 0.676070 0.658784 0.645889 0.664442
5 0.703455 0.530635 0.594411 0.420645
6 0.723712 0.472594 0.553673 0.317062
7 0.755168 0.394740 0.488461 0.189480
2 0.524752 0.253979 0.105755 0.120458
2 0.435619 0.281490 0.136862 0.153605
2 0.572777 0.234854 0.070555 0.091583
2 0.327470 0.244010 0.070566 0.066145
2 0.251828 0.213010 0.025531 0.032270
2 0.872595 0.304291 0.251439 0.271083
2 0.326109 0.216021 0.074092 0.100792
2 0.891680 0.479906 0.214611 0.559812
3 0.639664 0.663566 0.719953 0.674006
4 0.676070 0.658784 0.645889 0.664442
5 0.703455 0.530635 0.594411 0.420645
6 0.723712 0.472594 0.553673 0.317062
7 0.755168 0.394740 0.488461 0.189480
2 0.524752 0.253979 0.105755 0.120458
2 0.435619 0.281490 0.136862 0.153605
2 0.572777 0.234854 0.070555 0.091583
2 0.327470 0.244010 0.070566 0.066145
2 0.251828 0.213010 0.025531 0.032270
2 0.872595 0.304291 0.251439 0.271083
2 0.326109 0.216021 0.074092 0.100792
2 0.891680 0.479906 0.214611 0.559812
