3 0.6396640625 0.663565625 0.719953125 0.6740062499999999
4 0.67606953125 0.65878359375 0.6458890625 0.6644421875
5 0.70345546875 0.53063515625 0.5944109375 0.42064531250000003
6 0.72371171875 0.47259375 0.5536734375 0.31706249999999997
7 0.75516796875 0.39473984375 0.4884609375 0.1894796875
2 0.75864375 0.27620859375 0.18916249999999998 0.1492921875
2 0.37470546875 0.25588515625 0.0962859375 0.1148953125
2 0.5704421875 0.24497890625 0.084634375 0.0868328125
2 0.46503515625 0.24222890625 0.1113203125 0.1219578125
2 0.30155078125 0.23209375 0.0499765625 0.0673125
2 0.26900390625 0.21571875000000001 0.0380078125 0.0626875
3 0.6396640625 0.663565625 0.719953125 0.6740062499999999
4 0.67606953125 0.65878359375 0.6458890625 0.6644421875
5 0.70345546875 0.53063515625 0.5944109375 0.42064531250000003
6 0.72371171875 0.47259375 0.5536734375 0.31706249999999997
7 0.75516796875 0.39473984375 0.4884609375 0.1894796875
2 0.75864375 0.27620859375 0.18916249999999998 0.1492921875
2 0.37470546875 0.25588515625 0.0962859375 0.1148953125
2 0.5704421875 0.24497890625 0.084634375 0.0868328125
2 0.46503515625 0.24222890625 0.1113203125 0.1219578125
2 0.30155078125 0.23209375 0.0499765625 0.0673125
2 0.26900390625 0.21571875000000001 0.0380078125 0.0626875
3 0.639664 0.663566 0.719953 0.674006
4 0.676070 0.658784 0.645889 0.664442
5 0.703455 0.530635 0.594411 0.420645
6 0.723712 0.472594 0.553673 0.317062
7 0.755168 0.394740 0.488461 0.189480
2 0.758644 0.276209 0.189162 0.149292
2 0.374705 0.255885 0.096286 0.114895
2 0.570442 0.244979 0.084634 0.086833
2 0.465035 0.242229 0.111320 0.121958
2 0.301551 0.232094 0.049977 0.067312
2 0.269004 0.215719 0.038008 0.062687
3 0.639664 0.663566 0.719953 0.674006
4 0.676070 0.658784 0.645889 0.664442
5 0.703455 0.530635 0.594411 0.420645
6 0.723712 0.472594 0.553673 0.317062
7 0.755168 0.394740 0.488461 0.189480
2 0.758644 0.276209 0.189162 0.149292
2 0.374705 0.255885 0.096286 0.114895
2 0.570442 0.244979 0.084634 0.086833
2 0.465035 0.242229 0.111320 0.121958
2 0.301551 0.232094 0.049977 0.067312
2 0.269004 0.215719 0.038008 0.062687
4 0.639664 0.663566 0.719953 0.674006
5 0.676070 0.658784 0.645889 0.664442
6 0.703455 0.530635 0.594411 0.420645
7 0.723712 0.472594 0.553673 0.317062
8 0.755168 0.394740 0.488461 0.189480
3 0.758644 0.276209 0.189162 0.149292
3 0.374705 0.255885 0.096286 0.114895
3 0.570442 0.244979 0.084634 0.086833
3 0.465035 0.242229 0.111320 0.121958
3 0.301551 0.232094 0.049977 0.067312
3 0.269004 0.215719 0.038008 0.062687
3 0.639664 0.663566 0.719953 0.674006
4 0.676070 0.658784 0.645889 0.664442
5 0.703455 0.530635 0.594411 0.420645
6 0.723712 0.472594 0.553673 0.317062
7 0.755168 0.394740 0.488461 0.189480
2 0.758644 0.276209 0.189162 0.149292
2 0.374705 0.255885 0.096286 0.114895
2 0.570442 0.244979 0.084634 0.086833
2 0.465035 0.242229 0.111320 0.121958
2 0.301551 0.232094 0.049977 0.067312
2 0.269004 0.215719 0.038008 0.062687
3 0.639664 0.663566 0.719953 0.674006
4 0.676070 0.658784 0.645889 0.664442
5 0.703455 0.530635 0.594411 0.420645
6 0.723712 0.472594 0.553673 0.317062
7 0.755168 0.394740 0.488461 0.189480
2 0.758644 0.276209 0.189162 0.149292
2 0.374705 0.255885 0.096286 0.114895
2 0.570442 0.244979 0.084634 0.086833
2 0.465035 0.242229 0.111320 0.121958
2 0.301551 0.232094 0.049977 0.067312
2 0.269004 0.215719 0.038008 0.062687
3 0.639664 0.663566 0.719953 0.674006
4 0.676070 0.658784 0.645889 0.664442
5 0.703455 0.530635 0.594411 0.420645
6 0.723712 0.472594 0.553673 0.317062
7 0.755168 0.394740 0.488461 0.189480
2 0.758644 0.276209 0.189162 0.149292
2 0.374705 0.255885 0.096286 0.114895
2 0.570442 0.244979 0.084634 0.086833
2 0.465035 0.242229 0.111320 0.121958
2 0.301551 0.232094 0.049977 0.067312
2 0.269004 0.215719 0.038008 0.062687
