3 0.6396640625 0.663565625 0.719953125 0.6740062499999999
4 0.67606953125 0.65878359375 0.6458890625 0.6644421875
5 0.70345546875 0.53063515625 0.5944109375 0.42064531250000003
6 0.72371171875 0.47259375 0.5536734375 0.31706249999999997
7 0.75516796875 0.39473984375 0.4884609375 0.1894796875
2 0.8380835937500001 0.28341640625000003 0.1667921875 0.1387078125
2 0.9247703125 0.35688515625 0.149540625 0.33564531249999996
2 0.6282546874999999 0.28111484375 0.19400937499999998 0.1778546875
2 0.288703125 0.23445859374999997 0.04928125 0.059542187499999996
2 0.425884375 0.25051015625 0.06739375 0.0822703125
2 0.37129140625 0.236875 0.0394578125 0.061250000000000006
2 0.5511203124999999 0.24297890625 0.052240625 0.0953328125
3 0.6396640625 0.663565625 0.719953125 0.6740062499999999
4 0.67606953125 0.65878359375 0.6458890625 0.6644421875
5 0.70345546875 0.53063515625 0.5944109375 0.42064531250000003
6 0.72371171875 0.47259375 0.5536734375 0.31706249999999997
7 0.75516796875 0.39473984375 0.4884609375 0.1894796875
2 0.8380835937500001 0.28341640625000003 0.1667921875 0.1387078125
2 0.9247703125 0.35688515625 0.149540625 0.33564531249999996
2 0.6282546874999999 0.28111484375 0.19400937499999998 0.1778546875
2 0.288703125 0.23445859374999997 0.04928125 0.059542187499999996
2 0.425884375 0.25051015625 0.06739375 0.0822703125
2 0.37129140625 0.236875 0.0394578125 0.061250000000000006
2 0.5511203124999999 0.24297890625 0.052240625 0.0953328125
3 0.639664 0.663566 0.719953 0.674006
4 0.676070 0.658784 0.645889 0.664442
5 0.703455 0.530635 0.594411 0.420645
6 0.723712 0.472594 0.553673 0.317062
7 0.755168 0.394740 0.488461 0.189480
2 0.838084 0.283416 0.166792 0.138708
2 0.924770 0.356885 0.149541 0.335645
2 0.628255 0.281115 0.194009 0.177855
2 0.288703 0.234459 0.049281 0.059542
2 0.425884 0.250510 0.067394 0.082270
2 0.371291 0.236875 0.039458 0.061250
2 0.551120 0.242979 0.052241 0.095333
3 0.639664 0.663566 0.719953 0.674006
4 0.676070 0.658784 0.645889 0.664442
5 0.703455 0.530635 0.594411 0.420645
6 0.723712 0.472594 0.553673 0.317062
7 0.755168 0.394740 0.488461 0.189480
2 0.838084 0.283416 0.166792 0.138708
2 0.924770 0.356885 0.149541 0.335645
2 0.628255 0.281115 0.194009 0.177855
2 0.288703 0.234459 0.049281 0.059542
2 0.425884 0.250510 0.067394 0.082270
2 0.371291 0.236875 0.039458 0.061250
2 0.551120 0.242979 0.052241 0.095333
4 0.639664 0.663566 0.719953 0.674006
5 0.676070 0.658784 0.645889 0.664442
6 0.703455 0.530635 0.594411 0.420645
7 0.723712 0.472594 0.553673 0.317062
8 0.755168 0.394740 0.488461 0.189480
3 0.838084 0.283416 0.166792 0.138708
3 0.924770 0.356885 0.149541 0.335645
3 0.628255 0.281115 0.194009 0.177855
3 0.288703 0.234459 0.049281 0.059542
3 0.425884 0.250510 0.067394 0.082270
3 0.371291 0.236875 0.039458 0.061250
3 0.551120 0.242979 0.052241 0.095333
3 0.639664 0.663566 0.719953 0.674006
4 0.676070 0.658784 0.645889 0.664442
5 0.703455 0.530635 0.594411 0.420645
6 0.723712 0.472594 0.553673 0.317062
7 0.755168 0.394740 0.488461 0.189480
2 0.838084 0.283416 0.166792 0.138708
2 0.924770 0.356885 0.149541 0.335645
2 0.628255 0.281115 0.194009 0.177855
2 0.288703 0.234459 0.049281 0.059542
2 0.425884 0.250510 0.067394 0.082270
2 0.371291 0.236875 0.039458 0.061250
2 0.551120 0.242979 0.052241 0.095333
3 0.639664 0.663566 0.719953 0.674006
4 0.676070 0.658784 0.645889 0.664442
5 0.703455 0.530635 0.594411 0.420645
6 0.723712 0.472594 0.553673 0.317062
7 0.755168 0.394740 0.488461 0.189480
2 0.838084 0.283416 0.166792 0.138708
2 0.924770 0.356885 0.149541 0.335645
2 0.628255 0.281115 0.194009 0.177855
2 0.288703 0.234459 0.049281 0.059542
2 0.425884 0.250510 0.067394 0.082270
2 0.371291 0.236875 0.039458 0.061250
2 0.551120 0.242979 0.052241 0.095333
3 0.639664 0.663566 0.719953 0.674006
4 0.676070 0.658784 0.645889 0.664442
5 0.703455 0.530635 0.594411 0.420645
6 0.723712 0.472594 0.553673 0.317062
7 0.755168 0.394740 0.488461 0.189480
2 0.838084 0.283416 0.166792 0.138708
2 0.924770 0.356885 0.149541 0.335645
2 0.628255 0.281115 0.194009 0.177855
2 0.288703 0.234459 0.049281 0.059542
2 0.425884 0.250510 0.067394 0.082270
2 0.371291 0.236875 0.039458 0.061250
2 0.551120 0.242979 0.052241 0.095333
