3 0.6396640625 0.663565625 0.719953125 0.6740062499999999
4 0.67606953125 0.65878359375 0.6458890625 0.6644421875
5 0.70345546875 0.53063515625 0.5944109375 0.42064531250000003
6 0.72371171875 0.47259375 0.5536734375 0.31706249999999997
7 0.75516796875 0.39473984375 0.4884609375 0.1894796875
9 0.8475468750000001 0.39154140625 0.30446875 0.2549578125
2 0.33147421875 0.2803125 0.0629484375 0.08249999999999999
9 0.9494164062499999 0.27259375 0.0957078125 0.07956250000000001
9 0.40936874999999995 0.26251015624999996 0.049987500000000004 0.0625203125
2 0.44176874999999993 0.27054140625 0.0272875 0.0379578125
2 0.28776562499999997 0.26632265625 0.04740625 0.0513953125
0 0.378071875 0.35515625 0.04989375 0.11656249999999999
2 0.7758140625000001 0.26130234375 0.076628125 0.0444796875
9 0.6164265624999999 0.26923984375 0.12660312499999998 0.0728546875
2 0.5608492187499999 0.26898984375 0.0841984375 0.0692296875
2 0.463284375 0.26888515625 0.02031875 0.0283953125
2 0.53599609375 0.26933359375 0.05011718750000001 0.0636671875
3 0.6396640625 0.663565625 0.719953125 0.6740062499999999
4 0.67606953125 0.65878359375 0.6458890625 0.6644421875
5 0.70345546875 0.53063515625 0.5944109375 0.42064531250000003
6 0.72371171875 0.47259375 0.5536734375 0.31706249999999997
7 0.75516796875 0.39473984375 0.4884609375 0.1894796875
9 0.8475468750000001 0.39154140625 0.30446875 0.2549578125
2 0.33147421875 0.2803125 0.0629484375 0.08249999999999999
9 0.9494164062499999 0.27259375 0.0957078125 0.07956250000000001
9 0.40936874999999995 0.26251015624999996 0.049987500000000004 0.0625203125
2 0.44176874999999993 0.27054140625 0.0272875 0.0379578125
2 0.28776562499999997 0.26632265625 0.04740625 0.0513953125
0 0.378071875 0.35515625 0.04989375 0.11656249999999999
2 0.7758140625000001 0.26130234375 0.076628125 0.0444796875
9 0.6164265624999999 0.26923984375 0.12660312499999998 0.0728546875
2 0.5608492187499999 0.26898984375 0.0841984375 0.0692296875
2 0.463284375 0.26888515625 0.02031875 0.0283953125
2 0.53599609375 0.26933359375 0.05011718750000001 0.0636671875
3 0.639664 0.663566 0.719953 0.674006
4 0.676070 0.658784 0.645889 0.664442
5 0.703455 0.530635 0.594411 0.420645
6 0.723712 0.472594 0.553673 0.317062
7 0.755168 0.394740 0.488461 0.189480
9 0.847547 0.391541 0.304469 0.254958
2 0.331474 0.280313 0.062948 0.082500
9 0.949416 0.272594 0.095708 0.079563
9 0.409369 0.262510 0.049988 0.062520
2 0.441769 0.270541 0.027287 0.037958
2 0.287766 0.266323 0.047406 0.051395
0 0.378072 0.355156 0.049894 0.116562
2 0.775814 0.261302 0.076628 0.044480
9 0.616427 0.269240 0.126603 0.072855
2 0.560849 0.268990 0.084198 0.069230
2 0.463284 0.268885 0.020319 0.028395
2 0.535996 0.269334 0.050117 0.063667
3 0.639664 0.663566 0.719953 0.674006
4 0.676070 0.658784 0.645889 0.664442
5 0.703455 0.530635 0.594411 0.420645
6 0.723712 0.472594 0.553673 0.317062
7 0.755168 0.394740 0.488461 0.189480
9 0.847547 0.391541 0.304469 0.254958
2 0.331474 0.280313 0.062948 0.082500
9 0.949416 0.272594 0.095708 0.079563
9 0.409369 0.262510 0.049988 0.062520
2 0.441769 0.270541 0.027287 0.037958
2 0.287766 0.266323 0.047406 0.051395
0 0.378072 0.355156 0.049894 0.116562
2 0.775814 0.261302 0.076628 0.044480
9 0.616427 0.269240 0.126603 0.072855
2 0.560849 0.268990 0.084198 0.069230
2 0.463284 0.268885 0.020319 0.028395
2 0.535996 0.269334 0.050117 0.063667
4 0.639664 0.663566 0.719953 0.674006
5 0.676070 0.658784 0.645889 0.664442
6 0.703455 0.530635 0.594411 0.420645
7 0.723712 0.472594 0.553673 0.317062
8 0.755168 0.394740 0.488461 0.189480
10 0.847547 0.391541 0.304469 0.254958
3 0.331474 0.280313 0.062948 0.082500
10 0.949416 0.272594 0.095708 0.079563
10 0.409369 0.262510 0.049988 0.062520
3 0.441769 0.270541 0.027287 0.037958
3 0.287766 0.266323 0.047406 0.051395
1 0.378072 0.355156 0.049894 0.116562
3 0.775814 0.261302 0.076628 0.044480
10 0.616427 0.269240 0.126603 0.072855
3 0.560849 0.268990 0.084198 0.069230
3 0.463284 0.268885 0.020319 0.028395
3 0.535996 0.269334 0.050117 0.063667
3 0.639664 0.663566 0.719953 0.674006
4 0.676070 0.658784 0.645889 0.664442
5 0.703455 0.530635 0.594411 0.420645
6 0.723712 0.472594 0.553673 0.317062
7 0.755168 0.394740 0.488461 0.189480
9 0.847547 0.391541 0.304469 0.254958
2 0.331474 0.280313 0.062948 0.082500
9 0.949416 0.272594 0.095708 0.079563
9 0.409369 0.262510 0.049988 0.062520
2 0.441769 0.270541 0.027287 0.037958
2 0.287766 0.266323 0.047406 0.051395
0 0.378072 0.355156 0.049894 0.116562
2 0.775814 0.261302 0.076628 0.044480
9 0.616427 0.269240 0.126603 0.072855
2 0.560849 0.268990 0.084198 0.069230
2 0.463284 0.268885 0.020319 0.028395
2 0.535996 0.269334 0.050117 0.063667
3 0.639664 0.663566 0.719953 0.674006
4 0.676070 0.658784 0.645889 0.664442
5 0.703455 0.530635 0.594411 0.420645
6 0.723712 0.472594 0.553673 0.317062
7 0.755168 0.394740 0.488461 0.189480
9 0.847547 0.391541 0.304469 0.254958
2 0.331474 0.280313 0.062948 0.082500
9 0.949416 0.272594 0.095708 0.079563
9 0.409369 0.262510 0.049988 0.062520
2 0.441769 0.270541 0.027287 0.037958
2 0.287766 0.266323 0.047406 0.051395
0 0.378072 0.355156 0.049894 0.116562
2 0.775814 0.261302 0.076628 0.044480
9 0.616427 0.269240 0.126603 0.072855
2 0.560849 0.268990 0.084198 0.069230
2 0.463284 0.268885 0.020319 0.028395
2 0.535996 0.269334 0.050117 0.063667
3 0.639664 0.663566 0.719953 0.674006
4 0.676070 0.658784 0.645889 0.664442
5 0.703455 0.530635 0.594411 0.420645
6 0.723712 0.472594 0.553673 0.317062
7 0.755168 0.394740 0.488461 0.189480
9 0.847547 0.391541 0.304469 0.254958
2 0.331474 0.280313 0.062948 0.082500
9 0.949416 0.272594 0.095708 0.079563
9 0.409369 0.262510 0.049988 0.062520
2 0.441769 0.270541 0.027287 0.037958
2 0.287766 0.266323 0.047406 0.051395
0 0.378072 0.355156 0.049894 0.116562
2 0.775814 0.261302 0.076628 0.044480
9 0.616427 0.269240 0.126603 0.072855
2 0.560849 0.268990 0.084198 0.069230
2 0.463284 0.268885 0.020319 0.028395
2 0.535996 0.269334 0.050117 0.063667
