3 0.6396640625 0.663565625 0.719953125 0.6740062499999999
4 0.67606953125 0.65878359375 0.6458890625 0.6644421875
5 0.70345546875 0.53063515625 0.5944109375 0.42064531250000003
6 0.72371171875 0.47259375 0.5536734375 0.31706249999999997
7 0.75516796875 0.39473984375 0.4884609375 0.1894796875
2 0.7995640625 0.28178125 0.217878125 0.16668750000000002
2 0.39246484375 0.26248984374999995 0.1036796875 0.12185468749999999
2 0.48541875 0.24857265625 0.1239625 0.1283953125
2 0.58673359375 0.24644765624999998 0.10159218750000001 0.09602031250000001
2 0.31001796875 0.23596875 0.0606609375 0.0688125
9 0.3422703125 0.19040625 0.034540625000000005 0.0433125
2 0.27777734375 0.21961484374999998 0.0368046875 0.0611046875
3 0.6396640625 0.663565625 0.719953125 0.6740062499999999
4 0.67606953125 0.65878359375 0.6458890625 0.6644421875
5 0.70345546875 0.53063515625 0.5944109375 0.42064531250000003
6 0.72371171875 0.47259375 0.5536734375 0.31706249999999997
7 0.75516796875 0.39473984375 0.4884609375 0.1894796875
2 0.7995640625 0.28178125 0.217878125 0.16668750000000002
2 0.39246484375 0.26248984374999995 0.1036796875 0.12185468749999999
2 0.48541875 0.24857265625 0.1239625 0.1283953125
2 0.58673359375 0.24644765624999998 0.10159218750000001 0.09602031250000001
2 0.31001796875 0.23596875 0.0606609375 0.0688125
9 0.3422703125 0.19040625 0.034540625000000005 0.0433125
2 0.27777734375 0.21961484374999998 0.0368046875 0.0611046875
3 0.639664 0.663566 0.719953 0.674006
4 0.676070 0.658784 0.645889 0.664442
5 0.703455 0.530635 0.594411 0.420645
6 0.723712 0.472594 0.553673 0.317062
7 0.755168 0.394740 0.488461 0.189480
2 0.799564 0.281781 0.217878 0.166688
2 0.392465 0.262490 0.103680 0.121855
2 0.485419 0.248573 0.123963 0.128395
2 0.586734 0.246448 0.101592 0.096020
2 0.310018 0.235969 0.060661 0.068812
9 0.342270 0.190406 0.034541 0.043312
2 0.277777 0.219615 0.036805 0.061105
3 0.639664 0.663566 0.719953 0.674006
4 0.676070 0.658784 0.645889 0.664442
5 0.703455 0.530635 0.594411 0.420645
6 0.723712 0.472594 0.553673 0.317062
7 0.755168 0.394740 0.488461 0.189480
2 0.799564 0.281781 0.217878 0.166688
2 0.392465 0.262490 0.103680 0.121855
2 0.485419 0.248573 0.123963 0.128395
2 0.586734 0.246448 0.101592 0.096020
2 0.310018 0.235969 0.060661 0.068812
9 0.342270 0.190406 0.034541 0.043312
2 0.277777 0.219615 0.036805 0.061105
4 0.639664 0.663566 0.719953 0.674006
5 0.676070 0.658784 0.645889 0.664442
6 0.703455 0.530635 0.594411 0.420645
7 0.723712 0.472594 0.553673 0.317062
8 0.755168 0.394740 0.488461 0.189480
3 0.799564 0.281781 0.217878 0.166688
3 0.392465 0.262490 0.103680 0.121855
3 0.485419 0.248573 0.123963 0.128395
3 0.586734 0.246448 0.101592 0.096020
3 0.310018 0.235969 0.060661 0.068812
10 0.342270 0.190406 0.034541 0.043312
3 0.277777 0.219615 0.036805 0.061105
3 0.639664 0.663566 0.719953 0.674006
4 0.676070 0.658784 0.645889 0.664442
5 0.703455 0.530635 0.594411 0.420645
6 0.723712 0.472594 0.553673 0.317062
7 0.755168 0.394740 0.488461 0.189480
2 0.799564 0.281781 0.217878 0.166688
2 0.392465 0.262490 0.103680 0.121855
2 0.485419 0.248573 0.123963 0.128395
2 0.586734 0.246448 0.101592 0.096020
2 0.310018 0.235969 0.060661 0.068812
9 0.342270 0.190406 0.034541 0.043312
2 0.277777 0.219615 0.036805 0.061105
3 0.639664 0.663566 0.719953 0.674006
4 0.676070 0.658784 0.645889 0.664442
5 0.703455 0.530635 0.594411 0.420645
6 0.723712 0.472594 0.553673 0.317062
7 0.755168 0.394740 0.488461 0.189480
2 0.799564 0.281781 0.217878 0.166688
2 0.392465 0.262490 0.103680 0.121855
2 0.485419 0.248573 0.123963 0.128395
2 0.586734 0.246448 0.101592 0.096020
2 0.310018 0.235969 0.060661 0.068812
9 0.342270 0.190406 0.034541 0.043312
2 0.277777 0.219615 0.036805 0.061105
3 0.639664 0.663566 0.719953 0.674006
4 0.676070 0.658784 0.645889 0.664442
5 0.703455 0.530635 0.594411 0.420645
6 0.723712 0.472594 0.553673 0.317062
7 0.755168 0.394740 0.488461 0.189480
2 0.799564 0.281781 0.217878 0.166688
2 0.392465 0.262490 0.103680 0.121855
2 0.485419 0.248573 0.123963 0.128395
2 0.586734 0.246448 0.101592 0.096020
2 0.310018 0.235969 0.060661 0.068812
9 0.342270 0.190406 0.034541 0.043312
2 0.277777 0.219615 0.036805 0.061105
