3 0.6396640625 0.663565625 0.719953125 0.6740062499999999
4 0.67606953125 0.65878359375 0.6458890625 0.6644421875
5 0.70345546875 0.53063515625 0.5944109375 0.42064531250000003
6 0.72371171875 0.47259375 0.5536734375 0.31706249999999997
7 0.75516796875 0.39473984375 0.4884609375 0.1894796875
2 0.8858843750000001 0.29927109375 0.22489374999999998 0.1922921875
2 0.44122031249999993 0.28271875 0.135565625 0.15918749999999998
2 0.5391210937500001 0.25972890625 0.1313671875 0.1538328125
2 0.64488828125 0.25311484375 0.0960265625 0.10310468749999999
2 0.32618515625 0.24294765625 0.0648703125 0.07652031249999999
2 0.28005859375000003 0.2251875 0.031992187500000005 0.04725
2 0.35806640624999997 0.21472890625000002 0.0380078125 0.051332812500000005
3 0.6396640625 0.663565625 0.719953125 0.6740062499999999
4 0.67606953125 0.65878359375 0.6458890625 0.6644421875
5 0.70345546875 0.53063515625 0.5944109375 0.42064531250000003
6 0.72371171875 0.47259375 0.5536734375 0.31706249999999997
7 0.75516796875 0.39473984375 0.4884609375 0.1894796875
2 0.8858843750000001 0.29927109375 0.22489374999999998 0.1922921875
2 0.44122031249999993 0.28271875 0.135565625 0.15918749999999998
2 0.5391210937500001 0.25972890625 0.1313671875 0.1538328125
2 0.64488828125 0.25311484375 0.0960265625 0.10310468749999999
2 0.32618515625 0.24294765625 0.0648703125 0.07652031249999999
2 0.28005859375000003 0.2251875 0.031992187500000005 0.04725
2 0.35806640624999997 0.21472890625000002 0.0380078125 0.051332812500000005
3 0.639664 0.663566 0.719953 0.674006
4 0.676070 0.658784 0.645889 0.664442
5 0.703455 0.530635 0.594411 0.420645
6 0.723712 0.472594 0.553673 0.317062
7 0.755168 0.394740 0.488461 0.189480
2 0.885884 0.299271 0.224894 0.192292
2 0.441220 0.282719 0.135566 0.159187
2 0.539121 0.259729 0.131367 0.153833
2 0.644888 0.253115 0.096027 0.103105
2 0.326185 0.242948 0.064870 0.076520
2 0.280059 0.225188 0.031992 0.047250
2 0.358066 0.214729 0.038008 0.051333
3 0.639664 0.663566 0.719953 0.674006
4 0.676070 0.658784 0.645889 0.664442
5 0.703455 0.530635 0.594411 0.420645
6 0.723712 0.472594 0.553673 0.317062
7 0.755168 0.394740 0.488461 0.189480
2 0.885884 0.299271 0.224894 0.192292
2 0.441220 0.282719 0.135566 0.159187
2 0.539121 0.259729 0.131367 0.153833
2 0.644888 0.253115 0.096027 0.103105
2 0.326185 0.242948 0.064870 0.076520
2 0.280059 0.225188 0.031992 0.047250
2 0.358066 0.214729 0.038008 0.051333
4 0.639664 0.663566 0.719953 0.674006
5 0.676070 0.658784 0.645889 0.664442
6 0.703455 0.530635 0.594411 0.420645
7 0.723712 0.472594 0.553673 0.317062
8 0.755168 0.394740 0.488461 0.189480
3 0.885884 0.299271 0.224894 0.192292
3 0.441220 0.282719 0.135566 0.159187
3 0.539121 0.259729 0.131367 0.153833
3 0.644888 0.253115 0.096027 0.103105
3 0.326185 0.242948 0.064870 0.076520
3 0.280059 0.225188 0.031992 0.047250
3 0.358066 0.214729 0.038008 0.051333
3 0.639664 0.663566 0.719953 0.674006
4 0.676070 0.658784 0.645889 0.664442
5 0.703455 0.530635 0.594411 0.420645
6 0.723712 0.472594 0.553673 0.317062
7 0.755168 0.394740 0.488461 0.189480
2 0.885884 0.299271 0.224894 0.192292
2 0.441220 0.282719 0.135566 0.159187
2 0.539121 0.259729 0.131367 0.153833
2 0.644888 0.253115 0.096027 0.103105
2 0.326185 0.242948 0.064870 0.076520
2 0.280059 0.225188 0.031992 0.047250
2 0.358066 0.214729 0.038008 0.051333
3 0.639664 0.663566 0.719953 0.674006
4 0.676070 0.658784 0.645889 0.664442
5 0.703455 0.530635 0.594411 0.420645
6 0.723712 0.472594 0.553673 0.317062
7 0.755168 0.394740 0.488461 0.189480
2 0.885884 0.299271 0.224894 0.192292
2 0.441220 0.282719 0.135566 0.159187
2 0.539121 0.259729 0.131367 0.153833
2 0.644888 0.253115 0.096027 0.103105
2 0.326185 0.242948 0.064870 0.076520
2 0.280059 0.225188 0.031992 0.047250
2 0.358066 0.214729 0.038008 0.051333
3 0.639664 0.663566 0.719953 0.674006
4 0.676070 0.658784 0.645889 0.664442
5 0.703455 0.530635 0.594411 0.420645
6 0.723712 0.472594 0.553673 0.317062
7 0.755168 0.394740 0.488461 0.189480
2 0.885884 0.299271 0.224894 0.192292
2 0.441220 0.282719 0.135566 0.159187
2 0.539121 0.259729 0.131367 0.153833
2 0.644888 0.253115 0.096027 0.103105
2 0.326185 0.242948 0.064870 0.076520
2 0.280059 0.225188 0.031992 0.047250
2 0.358066 0.214729 0.038008 0.051333
