3 0.6396640625 0.663565625 0.719953125 0.6740062499999999
4 0.67606953125 0.65878359375 0.6458890625 0.6644421875
5 0.70345546875 0.53063515625 0.5944109375 0.42064531250000003
6 0.72371171875 0.47259375 0.5536734375 0.31706249999999997
7 0.75516796875 0.39473984375 0.4884609375 0.1894796875
2 0.787340625 0.25641640624999995 0.15905625 0.1253328125
2 0.92995546875 0.30204140625 0.1411609375 0.2072078125
2 0.47634453125 0.24387499999999998 0.1245640625 0.140875
2 0.5529359375 0.24234375 0.071496875 0.0878125
2 0.33273593749999997 0.21775000000000003 0.027971875 0.038625
2 0.37962265625 0.22502109374999998 0.046745312500000004 0.0687921875
2 0.29777109375 0.22581250000000003 0.0455421875 0.057874999999999996
3 0.6396640625 0.663565625 0.719953125 0.6740062499999999
4 0.67606953125 0.65878359375 0.6458890625 0.6644421875
5 0.70345546875 0.53063515625 0.5944109375 0.42064531250000003
6 0.72371171875 0.47259375 0.5536734375 0.31706249999999997
7 0.75516796875 0.39473984375 0.4884609375 0.1894796875
2 0.787340625 0.25641640624999995 0.15905625 0.1253328125
2 0.92995546875 0.30204140625 0.1411609375 0.2072078125
2 0.47634453125 0.24387499999999998 0.1245640625 0.140875
2 0.5529359375 0.24234375 0.071496875 0.0878125
2 0.33273593749999997 0.21775000000000003 0.027971875 0.038625
2 0.37962265625 0.22502109374999998 0.046745312500000004 0.0687921875
2 0.29777109375 0.22581250000000003 0.0455421875 0.057874999999999996
3 0.639664 0.663566 0.719953 0.674006
4 0.676070 0.658784 0.645889 0.664442
5 0.703455 0.530635 0.594411 0.420645
6 0.723712 0.472594 0.553673 0.317062
7 0.755168 0.394740 0.488461 0.189480
2 0.787341 0.256416 0.159056 0.125333
2 0.929955 0.302041 0.141161 0.207208
2 0.476345 0.243875 0.124564 0.140875
2 0.552936 0.242344 0.071497 0.087813
2 0.332736 0.217750 0.027972 0.038625
2 0.379623 0.225021 0.046745 0.068792
2 0.297771 0.225813 0.045542 0.057875
3 0.639664 0.663566 0.719953 0.674006
4 0.676070 0.658784 0.645889 0.664442
5 0.703455 0.530635 0.594411 0.420645
6 0.723712 0.472594 0.553673 0.317062
7 0.755168 0.394740 0.488461 0.189480
2 0.787341 0.256416 0.159056 0.125333
2 0.929955 0.302041 0.141161 0.207208
2 0.476345 0.243875 0.124564 0.140875
2 0.552936 0.242344 0.071497 0.087813
2 0.332736 0.217750 0.027972 0.038625
2 0.379623 0.225021 0.046745 0.068792
2 0.297771 0.225813 0.045542 0.057875
4 0.639664 0.663566 0.719953 0.674006
5 0.676070 0.658784 0.645889 0.664442
6 0.703455 0.530635 0.594411 0.420645
7 0.723712 0.472594 0.553673 0.317062
8 0.755168 0.394740 0.488461 0.189480
3 0.787341 0.256416 0.159056 0.125333
3 0.929955 0.302041 0.141161 0.207208
3 0.476345 0.243875 0.124564 0.140875
3 0.552936 0.242344 0.071497 0.087813
3 0.332736 0.217750 0.027972 0.038625
3 0.379623 0.225021 0.046745 0.068792
3 0.297771 0.225813 0.045542 0.057875
3 0.639664 0.663566 0.719953 0.674006
4 0.676070 0.658784 0.645889 0.664442
5 0.703455 0.530635 0.594411 0.420645
6 0.723712 0.472594 0.553673 0.317062
7 0.755168 0.394740 0.488461 0.189480
2 0.787341 0.256416 0.159056 0.125333
2 0.929955 0.302041 0.141161 0.207208
2 0.476345 0.243875 0.124564 0.140875
2 0.552936 0.242344 0.071497 0.087813
2 0.332736 0.217750 0.027972 0.038625
2 0.379623 0.225021 0.046745 0.068792
2 0.297771 0.225813 0.045542 0.057875
3 0.639664 0.663566 0.719953 0.674006
4 0.676070 0.658784 0.645889 0.664442
5 0.703455 0.530635 0.594411 0.420645
6 0.723712 0.472594 0.553673 0.317062
7 0.755168 0.394740 0.488461 0.189480
2 0.787341 0.256416 0.159056 0.125333
2 0.929955 0.302041 0.141161 0.207208
2 0.476345 0.243875 0.124564 0.140875
2 0.552936 0.242344 0.071497 0.087813
2 0.332736 0.217750 0.027972 0.038625
2 0.379623 0.225021 0.046745 0.068792
2 0.297771 0.225813 0.045542 0.057875
3 0.639664 0.663566 0.719953 0.674006
4 0.676070 0.658784 0.645889 0.664442
5 0.703455 0.530635 0.594411 0.420645
6 0.723712 0.472594 0.553673 0.317062
7 0.755168 0.394740 0.488461 0.189480
2 0.787341 0.256416 0.159056 0.125333
2 0.929955 0.302041 0.141161 0.207208
2 0.476345 0.243875 0.124564 0.140875
2 0.552936 0.242344 0.071497 0.087813
2 0.332736 0.217750 0.027972 0.038625
2 0.379623 0.225021 0.046745 0.068792
2 0.297771 0.225813 0.045542 0.057875
