3 0.6396640625 0.663565625 0.719953125 0.6740062499999999
4 0.67606953125 0.65878359375 0.6458890625 0.6644421875
5 0.70345546875 0.53063515625 0.5944109375 0.42064531250000003
6 0.72371171875 0.47259375 0.5536734375 0.31706249999999997
7 0.75516796875 0.39473984375 0.4884609375 0.1894796875
9 0.68389140625 0.29579140625 0.1709078125 0.1572078125
2 0.92172734375 0.28825 0.14032968750000002 0.073375
9 0.567453125 0.27653125 0.08178125 0.0999375
9 0.43235859374999996 0.32570859375 0.1272171875 0.1514171875
9 0.48978203125 0.29090625000000003 0.0733140625 0.1099375
9 0.3171875 0.27607265625 0.059375 0.0771453125
2 0.27603203125000003 0.259375 0.0364390625 0.053125
2 0.06290078125000001 0.24053125 0.0570515625 0.0404375
3 0.6396640625 0.663565625 0.719953125 0.6740062499999999
4 0.67606953125 0.65878359375 0.6458890625 0.6644421875
5 0.70345546875 0.53063515625 0.5944109375 0.42064531250000003
6 0.72371171875 0.47259375 0.5536734375 0.31706249999999997
7 0.75516796875 0.39473984375 0.4884609375 0.1894796875
9 0.68389140625 0.29579140625 0.1709078125 0.1572078125
2 0.92172734375 0.28825 0.14032968750000002 0.073375
9 0.567453125 0.27653125 0.08178125 0.0999375
9 0.43235859374999996 0.32570859375 0.1272171875 0.1514171875
9 0.48978203125 0.29090625000000003 0.0733140625 0.1099375
9 0.3171875 0.27607265625 0.059375 0.0771453125
2 0.27603203125000003 0.259375 0.0364390625 0.053125
2 0.06290078125000001 0.24053125 0.0570515625 0.0404375
3 0.639664 0.663566 0.719953 0.674006
4 0.676070 0.658784 0.645889 0.664442
5 0.703455 0.530635 0.594411 0.420645
6 0.723712 0.472594 0.553673 0.317062
7 0.755168 0.394740 0.488461 0.189480
9 0.683891 0.295791 0.170908 0.157208
2 0.921727 0.288250 0.140330 0.073375
9 0.567453 0.276531 0.081781 0.099937
9 0.432359 0.325709 0.127217 0.151417
9 0.489782 0.290906 0.073314 0.109937
9 0.317188 0.276073 0.059375 0.077145
2 0.276032 0.259375 0.036439 0.053125
2 0.062901 0.240531 0.057052 0.040438
3 0.639664 0.663566 0.719953 0.674006
4 0.676070 0.658784 0.645889 0.664442
5 0.703455 0.530635 0.594411 0.420645
6 0.723712 0.472594 0.553673 0.317062
7 0.755168 0.394740 0.488461 0.189480
9 0.683891 0.295791 0.170908 0.157208
2 0.921727 0.288250 0.140330 0.073375
9 0.567453 0.276531 0.081781 0.099937
9 0.432359 0.325709 0.127217 0.151417
9 0.489782 0.290906 0.073314 0.109937
9 0.317188 0.276073 0.059375 0.077145
2 0.276032 0.259375 0.036439 0.053125
2 0.062901 0.240531 0.057052 0.040438
4 0.639664 0.663566 0.719953 0.674006
5 0.676070 0.658784 0.645889 0.664442
6 0.703455 0.530635 0.594411 0.420645
7 0.723712 0.472594 0.553673 0.317062
8 0.755168 0.394740 0.488461 0.189480
10 0.683891 0.295791 0.170908 0.157208
3 0.921727 0.288250 0.140330 0.073375
10 0.567453 0.276531 0.081781 0.099937
10 0.432359 0.325709 0.127217 0.151417
10 0.489782 0.290906 0.073314 0.109937
10 0.317188 0.276073 0.059375 0.077145
3 0.276032 0.259375 0.036439 0.053125
3 0.062901 0.240531 0.057052 0.040438
3 0.639664 0.663566 0.719953 0.674006
4 0.676070 0.658784 0.645889 0.664442
5 0.703455 0.530635 0.594411 0.420645
6 0.723712 0.472594 0.553673 0.317062
7 0.755168 0.394740 0.488461 0.189480
9 0.683891 0.295791 0.170908 0.157208
2 0.921727 0.288250 0.140330 0.073375
9 0.567453 0.276531 0.081781 0.099937
9 0.432359 0.325709 0.127217 0.151417
9 0.489782 0.290906 0.073314 0.109937
9 0.317188 0.276073 0.059375 0.077145
2 0.276032 0.259375 0.036439 0.053125
2 0.062901 0.240531 0.057052 0.040438
3 0.639664 0.663566 0.719953 0.674006
4 0.676070 0.658784 0.645889 0.664442
5 0.703455 0.530635 0.594411 0.420645
6 0.723712 0.472594 0.553673 0.317062
7 0.755168 0.394740 0.488461 0.189480
9 0.683891 0.295791 0.170908 0.157208
2 0.921727 0.288250 0.140330 0.073375
9 0.567453 0.276531 0.081781 0.099937
9 0.432359 0.325709 0.127217 0.151417
9 0.489782 0.290906 0.073314 0.109937
9 0.317188 0.276073 0.059375 0.077145
2 0.276032 0.259375 0.036439 0.053125
2 0.062901 0.240531 0.057052 0.040438
3 0.639664 0.663566 0.719953 0.674006
4 0.676070 0.658784 0.645889 0.664442
5 0.703455 0.530635 0.594411 0.420645
6 0.723712 0.472594 0.553673 0.317062
7 0.755168 0.394740 0.488461 0.189480
9 0.683891 0.295791 0.170908 0.157208
2 0.921727 0.288250 0.140330 0.073375
9 0.567453 0.276531 0.081781 0.099937
9 0.432359 0.325709 0.127217 0.151417
9 0.489782 0.290906 0.073314 0.109937
9 0.317188 0.276073 0.059375 0.077145
2 0.276032 0.259375 0.036439 0.053125
2 0.062901 0.240531 0.057052 0.040438
