3 0.6396640625 0.663565625 0.719953125 0.6740062499999999
4 0.67606953125 0.65878359375 0.6458890625 0.6644421875
5 0.70345546875 0.53063515625 0.5944109375 0.42064531250000003
6 0.72371171875 0.47259375 0.5536734375 0.31706249999999997
7 0.75516796875 0.39473984375 0.4884609375 0.1894796875
2 0.7233078125000001 0.31609375 0.171615625 0.13218749999999999
2 0.51490546875 0.36379140625 0.1954359375 0.2182078125
2 0.9330718749999999 0.28363515625 0.12239375 0.0672703125
2 0.5973703125000001 0.28108359374999997 0.063490625 0.0809171875
2 0.32542421875 0.26744765625 0.0727234375 0.0817703125
2 0.26050703125 0.24740625 0.042889062500000005 0.0698125
2 0.40909765625 0.25354140625 0.0431953125 0.0570828125
2 0.35630859375 0.25603125000000004 0.0344921875 0.0464375
2 0.29052500000000003 0.26003125000000005 0.03105 0.060687500000000005
3 0.6396640625 0.663565625 0.719953125 0.6740062499999999
4 0.67606953125 0.65878359375 0.6458890625 0.6644421875
5 0.70345546875 0.53063515625 0.5944109375 0.42064531250000003
6 0.72371171875 0.47259375 0.5536734375 0.31706249999999997
7 0.75516796875 0.39473984375 0.4884609375 0.1894796875
2 0.7233078125000001 0.31609375 0.171615625 0.13218749999999999
2 0.51490546875 0.36379140625 0.1954359375 0.2182078125
2 0.9330718749999999 0.28363515625 0.12239375 0.0672703125
2 0.5973703125000001 0.28108359374999997 0.063490625 0.0809171875
2 0.32542421875 0.26744765625 0.0727234375 0.0817703125
2 0.26050703125 0.24740625 0.042889062500000005 0.0698125
2 0.40909765625 0.25354140625 0.0431953125 0.0570828125
2 0.35630859375 0.25603125000000004 0.0344921875 0.0464375
2 0.29052500000000003 0.26003125000000005 0.03105 0.060687500000000005
3 0.639664 0.663566 0.719953 0.674006
4 0.676070 0.658784 0.645889 0.664442
5 0.703455 0.530635 0.594411 0.420645
6 0.723712 0.472594 0.553673 0.317062
7 0.755168 0.394740 0.488461 0.189480
2 0.723308 0.316094 0.171616 0.132187
2 0.514905 0.363791 0.195436 0.218208
2 0.933072 0.283635 0.122394 0.067270
2 0.597370 0.281084 0.063491 0.080917
2 0.325424 0.267448 0.072723 0.081770
2 0.260507 0.247406 0.042889 0.069812
2 0.409098 0.253541 0.043195 0.057083
2 0.356309 0.256031 0.034492 0.046437
2 0.290525 0.260031 0.031050 0.060688
3 0.639664 0.663566 0.719953 0.674006
4 0.676070 0.658784 0.645889 0.664442
5 0.703455 0.530635 0.594411 0.420645
6 0.723712 0.472594 0.553673 0.317062
7 0.755168 0.394740 0.488461 0.189480
2 0.723308 0.316094 0.171616 0.132187
2 0.514905 0.363791 0.195436 0.218208
2 0.933072 0.283635 0.122394 0.067270
2 0.597370 0.281084 0.063491 0.080917
2 0.325424 0.267448 0.072723 0.081770
2 0.260507 0.247406 0.042889 0.069812
2 0.409098 0.253541 0.043195 0.057083
2 0.356309 0.256031 0.034492 0.046437
2 0.290525 0.260031 0.031050 0.060688
4 0.639664 0.663566 0.719953 0.674006
5 0.676070 0.658784 0.645889 0.664442
6 0.703455 0.530635 0.594411 0.420645
7 0.723712 0.472594 0.553673 0.317062
8 0.755168 0.394740 0.488461 0.189480
3 0.723308 0.316094 0.171616 0.132187
3 0.514905 0.363791 0.195436 0.218208
3 0.933072 0.283635 0.122394 0.067270
3 0.597370 0.281084 0.063491 0.080917
3 0.325424 0.267448 0.072723 0.081770
3 0.260507 0.247406 0.042889 0.069812
3 0.409098 0.253541 0.043195 0.057083
3 0.356309 0.256031 0.034492 0.046437
3 0.290525 0.260031 0.031050 0.060688
3 0.639664 0.663566 0.719953 0.674006
4 0.676070 0.658784 0.645889 0.664442
5 0.703455 0.530635 0.594411 0.420645
6 0.723712 0.472594 0.553673 0.317062
7 0.755168 0.394740 0.488461 0.189480
2 0.723308 0.316094 0.171616 0.132187
2 0.514905 0.363791 0.195436 0.218208
2 0.933072 0.283635 0.122394 0.067270
2 0.597370 0.281084 0.063491 0.080917
2 0.325424 0.267448 0.072723 0.081770
2 0.260507 0.247406 0.042889 0.069812
2 0.409098 0.253541 0.043195 0.057083
2 0.356309 0.256031 0.034492 0.046437
2 0.290525 0.260031 0.031050 0.060688
3 0.639664 0.663566 0.719953 0.674006
4 0.676070 0.658784 0.645889 0.664442
5 0.703455 0.530635 0.594411 0.420645
6 0.723712 0.472594 0.553673 0.317062
7 0.755168 0.394740 0.488461 0.189480
2 0.723308 0.316094 0.171616 0.132187
2 0.514905 0.363791 0.195436 0.218208
2 0.933072 0.283635 0.122394 0.067270
2 0.597370 0.281084 0.063491 0.080917
2 0.325424 0.267448 0.072723 0.081770
2 0.260507 0.247406 0.042889 0.069812
2 0.409098 0.253541 0.043195 0.057083
2 0.356309 0.256031 0.034492 0.046437
2 0.290525 0.260031 0.031050 0.060688
3 0.639664 0.663566 0.719953 0.674006
4 0.676070 0.658784 0.645889 0.664442
5 0.703455 0.530635 0.594411 0.420645
6 0.723712 0.472594 0.553673 0.317062
7 0.755168 0.394740 0.488461 0.189480
2 0.723308 0.316094 0.171616 0.132187
2 0.514905 0.363791 0.195436 0.218208
2 0.933072 0.283635 0.122394 0.067270
2 0.597370 0.281084 0.063491 0.080917
2 0.325424 0.267448 0.072723 0.081770
2 0.260507 0.247406 0.042889 0.069812
2 0.409098 0.253541 0.043195 0.057083
2 0.356309 0.256031 0.034492 0.046437
2 0.290525 0.260031 0.031050 0.060688
