3 0.6396640625 0.663565625 0.719953125 0.6740062499999999
4 0.67606953125 0.65878359375 0.6458890625 0.6644421875
5 0.70345546875 0.53063515625 0.5944109375 0.42064531250000003
6 0.72371171875 0.47259375 0.5536734375 0.31706249999999997
7 0.75516796875 0.39473984375 0.4884609375 0.1894796875
9 0.49058359375 0.3480625 0.1811671875 0.177375
2 0.81146796875 0.28055234375 0.1510609375 0.0923546875
9 0.9310140625000001 0.27503125 0.130778125 0.0844375
2 0.6180421875000001 0.27495859375 0.082959375 0.0592921875
2 0.3670640625 0.26710390625 0.062253125 0.0592078125
2 0.310053125 0.28220859374999996 0.05448125 0.0644171875
2 0.278178125 0.26796875 0.028231250000000003 0.0515625
9 0.4627125 0.24747890625000002 0.0598 0.0387078125
2 0.258696875 0.26429140625 0.02051875 0.0348328125
2 0.26816640625 0.26528125 0.0363328125 0.0430625
2 0.4036203125 0.26097890625 0.029115625 0.0594578125
3 0.6396640625 0.663565625 0.719953125 0.6740062499999999
4 0.67606953125 0.65878359375 0.6458890625 0.6644421875
5 0.70345546875 0.53063515625 0.5944109375 0.42064531250000003
6 0.72371171875 0.47259375 0.5536734375 0.31706249999999997
7 0.75516796875 0.39473984375 0.4884609375 0.1894796875
9 0.49058359375 0.3480625 0.1811671875 0.177375
2 0.81146796875 0.28055234375 0.1510609375 0.0923546875
9 0.9310140625000001 0.27503125 0.130778125 0.0844375
2 0.6180421875000001 0.27495859375 0.082959375 0.0592921875
2 0.3670640625 0.26710390625 0.062253125 0.0592078125
2 0.310053125 0.28220859374999996 0.05448125 0.0644171875
2 0.278178125 0.26796875 0.028231250000000003 0.0515625
9 0.4627125 0.24747890625000002 0.0598 0.0387078125
2 0.258696875 0.26429140625 0.02051875 0.0348328125
2 0.26816640625 0.26528125 0.0363328125 0.0430625
2 0.4036203125 0.26097890625 0.029115625 0.0594578125
3 0.639664 0.663566 0.719953 0.674006
4 0.676070 0.658784 0.645889 0.664442
5 0.703455 0.530635 0.594411 0.420645
6 0.723712 0.472594 0.553673 0.317062
7 0.755168 0.394740 0.488461 0.189480
9 0.490584 0.348062 0.181167 0.177375
2 0.811468 0.280552 0.151061 0.092355
9 0.931014 0.275031 0.130778 0.084437
2 0.618042 0.274959 0.082959 0.059292
2 0.367064 0.267104 0.062253 0.059208
2 0.310053 0.282209 0.054481 0.064417
2 0.278178 0.267969 0.028231 0.051562
9 0.462713 0.247479 0.059800 0.038708
2 0.258697 0.264291 0.020519 0.034833
2 0.268166 0.265281 0.036333 0.043062
2 0.403620 0.260979 0.029116 0.059458
3 0.639664 0.663566 0.719953 0.674006
4 0.676070 0.658784 0.645889 0.664442
5 0.703455 0.530635 0.594411 0.420645
6 0.723712 0.472594 0.553673 0.317062
7 0.755168 0.394740 0.488461 0.189480
9 0.490584 0.348062 0.181167 0.177375
2 0.811468 0.280552 0.151061 0.092355
9 0.931014 0.275031 0.130778 0.084437
2 0.618042 0.274959 0.082959 0.059292
2 0.367064 0.267104 0.062253 0.059208
2 0.310053 0.282209 0.054481 0.064417
2 0.278178 0.267969 0.028231 0.051562
9 0.462713 0.247479 0.059800 0.038708
2 0.258697 0.264291 0.020519 0.034833
2 0.268166 0.265281 0.036333 0.043062
2 0.403620 0.260979 0.029116 0.059458
4 0.639664 0.663566 0.719953 0.674006
5 0.676070 0.658784 0.645889 0.664442
6 0.703455 0.530635 0.594411 0.420645
7 0.723712 0.472594 0.553673 0.317062
8 0.755168 0.394740 0.488461 0.189480
10 0.490584 0.348062 0.181167 0.177375
3 0.811468 0.280552 0.151061 0.092355
10 0.931014 0.275031 0.130778 0.084437
3 0.618042 0.274959 0.082959 0.059292
3 0.367064 0.267104 0.062253 0.059208
3 0.310053 0.282209 0.054481 0.064417
3 0.278178 0.267969 0.028231 0.051562
10 0.462713 0.247479 0.059800 0.038708
3 0.258697 0.264291 0.020519 0.034833
3 0.268166 0.265281 0.036333 0.043062
3 0.403620 0.260979 0.029116 0.059458
3 0.639664 0.663566 0.719953 0.674006
4 0.676070 0.658784 0.645889 0.664442
5 0.703455 0.530635 0.594411 0.420645
6 0.723712 0.472594 0.553673 0.317062
7 0.755168 0.394740 0.488461 0.189480
9 0.490584 0.348062 0.181167 0.177375
2 0.811468 0.280552 0.151061 0.092355
9 0.931014 0.275031 0.130778 0.084437
2 0.618042 0.274959 0.082959 0.059292
2 0.367064 0.267104 0.062253 0.059208
2 0.310053 0.282209 0.054481 0.064417
2 0.278178 0.267969 0.028231 0.051562
9 0.462713 0.247479 0.059800 0.038708
2 0.258697 0.264291 0.020519 0.034833
2 0.268166 0.265281 0.036333 0.043062
2 0.403620 0.260979 0.029116 0.059458
3 0.639664 0.663566 0.719953 0.674006
4 0.676070 0.658784 0.645889 0.664442
5 0.703455 0.530635 0.594411 0.420645
6 0.723712 0.472594 0.553673 0.317062
7 0.755168 0.394740 0.488461 0.189480
9 0.490584 0.348062 0.181167 0.177375
2 0.811468 0.280552 0.151061 0.092355
9 0.931014 0.275031 0.130778 0.084437
2 0.618042 0.274959 0.082959 0.059292
2 0.367064 0.267104 0.062253 0.059208
2 0.310053 0.282209 0.054481 0.064417
2 0.278178 0.267969 0.028231 0.051562
9 0.462713 0.247479 0.059800 0.038708
2 0.258697 0.264291 0.020519 0.034833
2 0.268166 0.265281 0.036333 0.043062
2 0.403620 0.260979 0.029116 0.059458
3 0.639664 0.663566 0.719953 0.674006
4 0.676070 0.658784 0.645889 0.664442
5 0.703455 0.530635 0.594411 0.420645
6 0.723712 0.472594 0.553673 0.317062
7 0.755168 0.394740 0.488461 0.189480
9 0.490584 0.348062 0.181167 0.177375
2 0.811468 0.280552 0.151061 0.092355
9 0.931014 0.275031 0.130778 0.084437
2 0.618042 0.274959 0.082959 0.059292
2 0.367064 0.267104 0.062253 0.059208
2 0.310053 0.282209 0.054481 0.064417
2 0.278178 0.267969 0.028231 0.051562
9 0.462713 0.247479 0.059800 0.038708
2 0.258697 0.264291 0.020519 0.034833
2 0.268166 0.265281 0.036333 0.043062
2 0.403620 0.260979 0.029116 0.059458
