3 0.6396640625 0.663565625 0.719953125 0.6740062499999999
4 0.67606953125 0.65878359375 0.6458890625 0.6644421875
5 0.70345546875 0.53063515625 0.5944109375 0.42064531250000003
6 0.72371171875 0.47455625 0.5536734375 0.31161249999999996
7 0.7510625 0.44572031249999994 0.499 0.235190625
2 0.48934531249999996 0.2944375 0.044315625 0.045125
2 0.28784765625 0.30530234375 0.0413203125 0.0387296875
2 0.389221875 0.29742734375 0.03469375 0.0479796875
2 0.4442984375 0.29589609375000003 0.041721875000000005 0.0542921875
2 0.3490625 0.29704140625000003 0.035625000000000004 0.050332812500000004
2 0.31906249999999997 0.29665625 0.031875 0.0433125
2 0.08220546875 0.28918750000000004 0.0550359375 0.044
2 0.41155625 0.29541640625 0.026237500000000004 0.040832812499999996
3 0.6396640625 0.663565625 0.719953125 0.6740062499999999
4 0.67606953125 0.65878359375 0.6458890625 0.6644421875
5 0.70345546875 0.53063515625 0.5944109375 0.42064531250000003
6 0.72371171875 0.47455625 0.5536734375 0.31161249999999996
7 0.7510625 0.44572031249999994 0.499 0.235190625
2 0.48934531249999996 0.2944375 0.044315625 0.045125
2 0.28784765625 0.30530234375 0.0413203125 0.0387296875
2 0.389221875 0.29742734375 0.03469375 0.0479796875
2 0.4442984375 0.29589609375000003 0.041721875000000005 0.0542921875
2 0.3490625 0.29704140625000003 0.035625000000000004 0.050332812500000004
2 0.31906249999999997 0.29665625 0.031875 0.0433125
2 0.08220546875 0.28918750000000004 0.0550359375 0.044
2 0.41155625 0.29541640625 0.026237500000000004 0.040832812499999996
3 0.639664 0.663566 0.719953 0.674006
4 0.676070 0.658784 0.645889 0.664442
5 0.703455 0.530635 0.594411 0.420645
6 0.723712 0.474556 0.553673 0.311612
7 0.751062 0.445720 0.499000 0.235191
2 0.489345 0.294438 0.044316 0.045125
2 0.287848 0.305302 0.041320 0.038730
2 0.389222 0.297427 0.034694 0.047980
2 0.444298 0.295896 0.041722 0.054292
2 0.349062 0.297041 0.035625 0.050333
2 0.319062 0.296656 0.031875 0.043312
2 0.082205 0.289188 0.055036 0.044000
2 0.411556 0.295416 0.026238 0.040833
3 0.639664 0.663566 0.719953 0.674006
4 0.676070 0.658784 0.645889 0.664442
5 0.703455 0.530635 0.594411 0.420645
6 0.723712 0.474556 0.553673 0.311612
7 0.751062 0.445720 0.499000 0.235191
2 0.489345 0.294438 0.044316 0.045125
2 0.287848 0.305302 0.041320 0.038730
2 0.389222 0.297427 0.034694 0.047980
2 0.444298 0.295896 0.041722 0.054292
2 0.349062 0.297041 0.035625 0.050333
2 0.319062 0.296656 0.031875 0.043312
2 0.082205 0.289188 0.055036 0.044000
2 0.411556 0.295416 0.026238 0.040833
4 0.639664 0.663566 0.719953 0.674006
5 0.676070 0.658784 0.645889 0.664442
6 0.703455 0.530635 0.594411 0.420645
7 0.723712 0.474556 0.553673 0.311612
8 0.751062 0.445720 0.499000 0.235191
3 0.489345 0.294438 0.044316 0.045125
3 0.287848 0.305302 0.041320 0.038730
3 0.389222 0.297427 0.034694 0.047980
3 0.444298 0.295896 0.041722 0.054292
3 0.349062 0.297041 0.035625 0.050333
3 0.319062 0.296656 0.031875 0.043312
3 0.082205 0.289188 0.055036 0.044000
3 0.411556 0.295416 0.026238 0.040833
3 0.639664 0.663566 0.719953 0.674006
4 0.676070 0.658784 0.645889 0.664442
5 0.703455 0.530635 0.594411 0.420645
6 0.723712 0.474556 0.553673 0.311612
7 0.751062 0.445720 0.499000 0.235191
2 0.489345 0.294438 0.044316 0.045125
2 0.287848 0.305302 0.041320 0.038730
2 0.389222 0.297427 0.034694 0.047980
2 0.444298 0.295896 0.041722 0.054292
2 0.349062 0.297041 0.035625 0.050333
2 0.319062 0.296656 0.031875 0.043312
2 0.082205 0.289188 0.055036 0.044000
2 0.411556 0.295416 0.026238 0.040833
3 0.639664 0.663566 0.719953 0.674006
4 0.676070 0.658784 0.645889 0.664442
5 0.703455 0.530635 0.594411 0.420645
6 0.723712 0.474556 0.553673 0.311612
7 0.751062 0.445720 0.499000 0.235191
2 0.489345 0.294438 0.044316 0.045125
2 0.287848 0.305302 0.041320 0.038730
2 0.389222 0.297427 0.034694 0.047980
2 0.444298 0.295896 0.041722 0.054292
2 0.349062 0.297041 0.035625 0.050333
2 0.319062 0.296656 0.031875 0.043312
2 0.082205 0.289188 0.055036 0.044000
2 0.411556 0.295416 0.026238 0.040833
3 0.639664 0.663566 0.719953 0.674006
4 0.676070 0.658784 0.645889 0.664442
5 0.703455 0.530635 0.594411 0.420645
6 0.723712 0.474556 0.553673 0.311612
7 0.751062 0.445720 0.499000 0.235191
2 0.489345 0.294438 0.044316 0.045125
2 0.287848 0.305302 0.041320 0.038730
2 0.389222 0.297427 0.034694 0.047980
2 0.444298 0.295896 0.041722 0.054292
2 0.349062 0.297041 0.035625 0.050333
2 0.319062 0.296656 0.031875 0.043312
2 0.082205 0.289188 0.055036 0.044000
2 0.411556 0.295416 0.026238 0.040833
