3 0.6396640625 0.663565625 0.719953125 0.6740062499999999
4 0.67606953125 0.65878359375 0.6458890625 0.6644421875
5 0.70345546875 0.53063515625 0.5944109375 0.42064531250000003
6 0.72371171875 0.47259375 0.5536734375 0.31706249999999997
7 0.75516796875 0.39473984375 0.4884609375 0.1894796875
2 0.39681015625000005 0.30711484375 0.10612031250000001 0.1173546875
2 0.7824117187499999 0.27505234375 0.1116984375 0.0782296875
2 0.2958609375 0.27028125 0.063596875 0.0561875
9 0.6656187499999999 0.27689609375 0.08436249999999999 0.0787921875
8 0.618171875 0.49340624999999994 0.13321875 0.2868125
9 0.5626765625 0.26595859375 0.059728125 0.0631671875
2 0.4421640625 0.267625 0.043703124999999995 0.063375
2 0.48181015625 0.2714375 0.0229953125 0.036625000000000005
3 0.6396640625 0.663565625 0.719953125 0.6740062499999999
4 0.67606953125 0.65878359375 0.6458890625 0.6644421875
5 0.70345546875 0.53063515625 0.5944109375 0.42064531250000003
6 0.72371171875 0.47259375 0.5536734375 0.31706249999999997
7 0.75516796875 0.39473984375 0.4884609375 0.1894796875
2 0.39681015625000005 0.30711484375 0.10612031250000001 0.1173546875
2 0.7824117187499999 0.27505234375 0.1116984375 0.0782296875
2 0.2958609375 0.27028125 0.063596875 0.0561875
9 0.6656187499999999 0.27689609375 0.08436249999999999 0.0787921875
8 0.618171875 0.49340624999999994 0.13321875 0.2868125
9 0.5626765625 0.26595859375 0.059728125 0.0631671875
2 0.4421640625 0.267625 0.043703124999999995 0.063375
2 0.48181015625 0.2714375 0.0229953125 0.036625000000000005
3 0.639664 0.663566 0.719953 0.674006
4 0.676070 0.658784 0.645889 0.664442
5 0.703455 0.530635 0.594411 0.420645
6 0.723712 0.472594 0.553673 0.317062
7 0.755168 0.394740 0.488461 0.189480
2 0.396810 0.307115 0.106120 0.117355
2 0.782412 0.275052 0.111698 0.078230
2 0.295861 0.270281 0.063597 0.056188
9 0.665619 0.276896 0.084362 0.078792
8 0.618172 0.493406 0.133219 0.286813
9 0.562677 0.265959 0.059728 0.063167
2 0.442164 0.267625 0.043703 0.063375
2 0.481810 0.271437 0.022995 0.036625
3 0.639664 0.663566 0.719953 0.674006
4 0.676070 0.658784 0.645889 0.664442
5 0.703455 0.530635 0.594411 0.420645
6 0.723712 0.472594 0.553673 0.317062
7 0.755168 0.394740 0.488461 0.189480
2 0.396810 0.307115 0.106120 0.117355
2 0.782412 0.275052 0.111698 0.078230
2 0.295861 0.270281 0.063597 0.056188
9 0.665619 0.276896 0.084362 0.078792
8 0.618172 0.493406 0.133219 0.286813
9 0.562677 0.265959 0.059728 0.063167
2 0.442164 0.267625 0.043703 0.063375
2 0.481810 0.271437 0.022995 0.036625
4 0.639664 0.663566 0.719953 0.674006
5 0.676070 0.658784 0.645889 0.664442
6 0.703455 0.530635 0.594411 0.420645
7 0.723712 0.472594 0.553673 0.317062
8 0.755168 0.394740 0.488461 0.189480
3 0.396810 0.307115 0.106120 0.117355
3 0.782412 0.275052 0.111698 0.078230
3 0.295861 0.270281 0.063597 0.056188
10 0.665619 0.276896 0.084362 0.078792
9 0.618172 0.493406 0.133219 0.286813
10 0.562677 0.265959 0.059728 0.063167
3 0.442164 0.267625 0.043703 0.063375
3 0.481810 0.271437 0.022995 0.036625
3 0.639664 0.663566 0.719953 0.674006
4 0.676070 0.658784 0.645889 0.664442
5 0.703455 0.530635 0.594411 0.420645
6 0.723712 0.472594 0.553673 0.317062
7 0.755168 0.394740 0.488461 0.189480
2 0.396810 0.307115 0.106120 0.117355
2 0.782412 0.275052 0.111698 0.078230
2 0.295861 0.270281 0.063597 0.056188
9 0.665619 0.276896 0.084362 0.078792
8 0.618172 0.493406 0.133219 0.286813
9 0.562677 0.265959 0.059728 0.063167
2 0.442164 0.267625 0.043703 0.063375
2 0.481810 0.271437 0.022995 0.036625
3 0.639664 0.663566 0.719953 0.674006
4 0.676070 0.658784 0.645889 0.664442
5 0.703455 0.530635 0.594411 0.420645
6 0.723712 0.472594 0.553673 0.317062
7 0.755168 0.394740 0.488461 0.189480
2 0.396810 0.307115 0.106120 0.117355
2 0.782412 0.275052 0.111698 0.078230
2 0.295861 0.270281 0.063597 0.056188
9 0.665619 0.276896 0.084362 0.078792
8 0.618172 0.493406 0.133219 0.286813
9 0.562677 0.265959 0.059728 0.063167
2 0.442164 0.267625 0.043703 0.063375
2 0.481810 0.271437 0.022995 0.036625
3 0.639664 0.663566 0.719953 0.674006
4 0.676070 0.658784 0.645889 0.664442
5 0.703455 0.530635 0.594411 0.420645
6 0.723712 0.472594 0.553673 0.317062
7 0.755168 0.394740 0.488461 0.189480
2 0.396810 0.307115 0.106120 0.117355
2 0.782412 0.275052 0.111698 0.078230
2 0.295861 0.270281 0.063597 0.056188
9 0.665619 0.276896 0.084362 0.078792
8 0.618172 0.493406 0.133219 0.286813
9 0.562677 0.265959 0.059728 0.063167
2 0.442164 0.267625 0.043703 0.063375
2 0.481810 0.271437 0.022995 0.036625
