3 0.6396640625 0.663565625 0.719953125 0.6740062499999999
4 0.67606953125 0.65878359375 0.6458890625 0.6644421875
5 0.70345546875 0.53063515625 0.5944109375 0.42064531250000003
6 0.72371171875 0.47455625 0.5536734375 0.31161249999999996
7 0.7510625 0.44572031249999994 0.499 0.235190625
2 0.28208125 0.29 0.0422875 0.039375
2 0.34243515625 0.28502109375 0.0379953125 0.038792187500000005
2 0.43246484374999994 0.27617734375 0.0399296875 0.046104687500000005
2 0.3787796875 0.28366640625 0.035684375000000004 0.0360828125
2 0.31395078125 0.28194765625 0.027901562499999998 0.0326453125
2 0.36113828125 0.28779140625 0.0691515625 0.0380828125
2 0.48655625 0.284875 0.0387375 0.035375000000000004
3 0.6396640625 0.663565625 0.719953125 0.6740062499999999
4 0.67606953125 0.65878359375 0.6458890625 0.6644421875
5 0.70345546875 0.53063515625 0.5944109375 0.42064531250000003
6 0.72371171875 0.47455625 0.5536734375 0.31161249999999996
7 0.7510625 0.44572031249999994 0.499 0.235190625
2 0.28208125 0.29 0.0422875 0.039375
2 0.34243515625 0.28502109375 0.0379953125 0.038792187500000005
2 0.43246484374999994 0.27617734375 0.0399296875 0.046104687500000005
2 0.3787796875 0.28366640625 0.035684375000000004 0.0360828125
2 0.31395078125 0.28194765625 0.027901562499999998 0.0326453125
2 0.36113828125 0.28779140625 0.0691515625 0.0380828125
2 0.48655625 0.284875 0.0387375 0.035375000000000004
3 0.639664 0.663566 0.719953 0.674006
4 0.676070 0.658784 0.645889 0.664442
5 0.703455 0.530635 0.594411 0.420645
6 0.723712 0.474556 0.553673 0.311612
7 0.751062 0.445720 0.499000 0.235191
2 0.282081 0.290000 0.042287 0.039375
2 0.342435 0.285021 0.037995 0.038792
2 0.432465 0.276177 0.039930 0.046105
2 0.378780 0.283666 0.035684 0.036083
2 0.313951 0.281948 0.027902 0.032645
2 0.361138 0.287791 0.069152 0.038083
2 0.486556 0.284875 0.038738 0.035375
3 0.639664 0.663566 0.719953 0.674006
4 0.676070 0.658784 0.645889 0.664442
5 0.703455 0.530635 0.594411 0.420645
6 0.723712 0.474556 0.553673 0.311612
7 0.751062 0.445720 0.499000 0.235191
2 0.282081 0.290000 0.042287 0.039375
2 0.342435 0.285021 0.037995 0.038792
2 0.432465 0.276177 0.039930 0.046105
2 0.378780 0.283666 0.035684 0.036083
2 0.313951 0.281948 0.027902 0.032645
2 0.361138 0.287791 0.069152 0.038083
2 0.486556 0.284875 0.038738 0.035375
4 0.639664 0.663566 0.719953 0.674006
5 0.676070 0.658784 0.645889 0.664442
6 0.703455 0.530635 0.594411 0.420645
7 0.723712 0.474556 0.553673 0.311612
8 0.751062 0.445720 0.499000 0.235191
3 0.282081 0.290000 0.042287 0.039375
3 0.342435 0.285021 0.037995 0.038792
3 0.432465 0.276177 0.039930 0.046105
3 0.378780 0.283666 0.035684 0.036083
3 0.313951 0.281948 0.027902 0.032645
3 0.361138 0.287791 0.069152 0.038083
3 0.486556 0.284875 0.038738 0.035375
3 0.639664 0.663566 0.719953 0.674006
4 0.676070 0.658784 0.645889 0.664442
5 0.703455 0.530635 0.594411 0.420645
6 0.723712 0.474556 0.553673 0.311612
7 0.751062 0.445720 0.499000 0.235191
2 0.282081 0.290000 0.042287 0.039375
2 0.342435 0.285021 0.037995 0.038792
2 0.432465 0.276177 0.039930 0.046105
2 0.378780 0.283666 0.035684 0.036083
2 0.313951 0.281948 0.027902 0.032645
2 0.361138 0.287791 0.069152 0.038083
2 0.486556 0.284875 0.038738 0.035375
3 0.639664 0.663566 0.719953 0.674006
4 0.676070 0.658784 0.645889 0.664442
5 0.703455 0.530635 0.594411 0.420645
6 0.723712 0.474556 0.553673 0.311612
7 0.751062 0.445720 0.499000 0.235191
2 0.282081 0.290000 0.042287 0.039375
2 0.342435 0.285021 0.037995 0.038792
2 0.432465 0.276177 0.039930 0.046105
2 0.378780 0.283666 0.035684 0.036083
2 0.313951 0.281948 0.027902 0.032645
2 0.361138 0.287791 0.069152 0.038083
2 0.486556 0.284875 0.038738 0.035375
3 0.639664 0.663566 0.719953 0.674006
4 0.676070 0.658784 0.645889 0.664442
5 0.703455 0.530635 0.594411 0.420645
6 0.723712 0.474556 0.553673 0.311612
7 0.751062 0.445720 0.499000 0.235191
2 0.282081 0.290000 0.042287 0.039375
2 0.342435 0.285021 0.037995 0.038792
2 0.432465 0.276177 0.039930 0.046105
2 0.378780 0.283666 0.035684 0.036083
2 0.313951 0.281948 0.027902 0.032645
2 0.361138 0.287791 0.069152 0.038083
2 0.486556 0.284875 0.038738 0.035375
