3 0.6396640625 0.663565625 0.719953125 0.6740062499999999
4 0.67606953125 0.65878359375 0.6458890625 0.6644421875
5 0.70345546875 0.53063515625 0.5944109375 0.42064531250000003
6 0.72371171875 0.47259375 0.5536734375 0.31706249999999997
7 0.75516796875 0.39473984375 0.4884609375 0.1894796875
2 0.7165921875000001 0.30388515625 0.186309375 0.1671453125
2 0.48323125000000006 0.31859375 0.1633375 0.17781249999999998
2 0.30699296875000004 0.24730234375000001 0.0389859375 0.0321046875
2 0.23675703124999997 0.23013515624999997 0.0172640625 0.0227703125
2 0.25603750000000003 0.22570859375 0.02145 0.0232921875
3 0.6396640625 0.663565625 0.719953125 0.6740062499999999
4 0.67606953125 0.65878359375 0.6458890625 0.6644421875
5 0.70345546875 0.53063515625 0.5944109375 0.42064531250000003
6 0.72371171875 0.47259375 0.5536734375 0.31706249999999997
7 0.75516796875 0.39473984375 0.4884609375 0.1894796875
2 0.7165921875000001 0.30388515625 0.186309375 0.1671453125
2 0.48323125000000006 0.31859375 0.1633375 0.17781249999999998
2 0.30699296875000004 0.24730234375000001 0.0389859375 0.0321046875
2 0.23675703124999997 0.23013515624999997 0.0172640625 0.0227703125
2 0.25603750000000003 0.22570859375 0.02145 0.0232921875
3 0.639664 0.663566 0.719953 0.674006
4 0.676070 0.658784 0.645889 0.664442
5 0.703455 0.530635 0.594411 0.420645
6 0.723712 0.472594 0.553673 0.317062
7 0.755168 0.394740 0.488461 0.189480
2 0.716592 0.303885 0.186309 0.167145
2 0.483231 0.318594 0.163337 0.177812
2 0.306993 0.247302 0.038986 0.032105
2 0.236757 0.230135 0.017264 0.022770
2 0.256038 0.225709 0.021450 0.023292
3 0.639664 0.663566 0.719953 0.674006
4 0.676070 0.658784 0.645889 0.664442
5 0.703455 0.530635 0.594411 0.420645
6 0.723712 0.472594 0.553673 0.317062
7 0.755168 0.394740 0.488461 0.189480
2 0.716592 0.303885 0.186309 0.167145
2 0.483231 0.318594 0.163337 0.177812
2 0.306993 0.247302 0.038986 0.032105
2 0.236757 0.230135 0.017264 0.022770
2 0.256038 0.225709 0.021450 0.023292
4 0.639664 0.663566 0.719953 0.674006
5 0.676070 0.658784 0.645889 0.664442
6 0.703455 0.530635 0.594411 0.420645
7 0.723712 0.472594 0.553673 0.317062
8 0.755168 0.394740 0.488461 0.189480
3 0.716592 0.303885 0.186309 0.167145
3 0.483231 0.318594 0.163337 0.177812
3 0.306993 0.247302 0.038986 0.032105
3 0.236757 0.230135 0.017264 0.022770
3 0.256038 0.225709 0.021450 0.023292
3 0.639664 0.663566 0.719953 0.674006
4 0.676070 0.658784 0.645889 0.664442
5 0.703455 0.530635 0.594411 0.420645
6 0.723712 0.472594 0.553673 0.317062
7 0.755168 0.394740 0.488461 0.189480
2 0.716592 0.303885 0.186309 0.167145
2 0.483231 0.318594 0.163337 0.177812
2 0.306993 0.247302 0.038986 0.032105
2 0.236757 0.230135 0.017264 0.022770
2 0.256038 0.225709 0.021450 0.023292
3 0.639664 0.663566 0.719953 0.674006
4 0.676070 0.658784 0.645889 0.664442
5 0.703455 0.530635 0.594411 0.420645
6 0.723712 0.472594 0.553673 0.317062
7 0.755168 0.394740 0.488461 0.189480
2 0.716592 0.303885 0.186309 0.167145
2 0.483231 0.318594 0.163337 0.177812
2 0.306993 0.247302 0.038986 0.032105
2 0.236757 0.230135 0.017264 0.022770
2 0.256038 0.225709 0.021450 0.023292
3 0.639664 0.663566 0.719953 0.674006
4 0.676070 0.658784 0.645889 0.664442
5 0.703455 0.530635 0.594411 0.420645
6 0.723712 0.472594 0.553673 0.317062
7 0.755168 0.394740 0.488461 0.189480
2 0.716592 0.303885 0.186309 0.167145
2 0.483231 0.318594 0.163337 0.177812
2 0.306993 0.247302 0.038986 0.032105
2 0.236757 0.230135 0.017264 0.022770
2 0.256038 0.225709 0.021450 0.023292
