3 0.6396640625 0.663565625 0.719953125 0.6740062499999999
4 0.67606953125 0.65878359375 0.6458890625 0.6644421875
5 0.70345546875 0.53063515625 0.5944109375 0.42064531250000003
6 0.72371171875 0.47455625 0.5536734375 0.31161249999999996
7 0.7510625 0.44572031249999994 0.499 0.235190625
2 0.291721875 0.30580234375000004 0.03969375 0.0459796875
2 0.40870859375 0.30441640625 0.0392921875 0.040082812499999995
2 0.48087265625000003 0.296375 0.0648703125 0.0615
2 0.3572875 0.30142734375 0.0427 0.0559796875
2 0.08669843749999999 0.29047890625 0.05777187499999999 0.040332812499999995
2 0.3216453125 0.30232265625 0.030790625 0.032770312499999996
3 0.6396640625 0.663565625 0.719953125 0.6740062499999999
4 0.67606953125 0.65878359375 0.6458890625 0.6644421875
5 0.70345546875 0.53063515625 0.5944109375 0.42064531250000003
6 0.72371171875 0.47455625 0.5536734375 0.31161249999999996
7 0.7510625 0.44572031249999994 0.499 0.235190625
2 0.291721875 0.30580234375000004 0.03969375 0.0459796875
2 0.40870859375 0.30441640625 0.0392921875 0.040082812499999995
2 0.48087265625000003 0.296375 0.0648703125 0.0615
2 0.3572875 0.30142734375 0.0427 0.0559796875
2 0.08669843749999999 0.29047890625 0.05777187499999999 0.040332812499999995
2 0.3216453125 0.30232265625 0.030790625 0.032770312499999996
3 0.639664 0.663566 0.719953 0.674006
4 0.676070 0.658784 0.645889 0.664442
5 0.703455 0.530635 0.594411 0.420645
6 0.723712 0.474556 0.553673 0.311612
7 0.751062 0.445720 0.499000 0.235191
2 0.291722 0.305802 0.039694 0.045980
2 0.408709 0.304416 0.039292 0.040083
2 0.480873 0.296375 0.064870 0.061500
2 0.357287 0.301427 0.042700 0.055980
2 0.086698 0.290479 0.057772 0.040333
2 0.321645 0.302323 0.030791 0.032770
3 0.639664 0.663566 0.719953 0.674006
4 0.676070 0.658784 0.645889 0.664442
5 0.703455 0.530635 0.594411 0.420645
6 0.723712 0.474556 0.553673 0.311612
7 0.751062 0.445720 0.499000 0.235191
2 0.291722 0.305802 0.039694 0.045980
2 0.408709 0.304416 0.039292 0.040083
2 0.480873 0.296375 0.064870 0.061500
2 0.357287 0.301427 0.042700 0.055980
2 0.086698 0.290479 0.057772 0.040333
2 0.321645 0.302323 0.030791 0.032770
4 0.639664 0.663566 0.719953 0.674006
5 0.676070 0.658784 0.645889 0.664442
6 0.703455 0.530635 0.594411 0.420645
7 0.723712 0.474556 0.553673 0.311612
8 0.751062 0.445720 0.499000 0.235191
3 0.291722 0.305802 0.039694 0.045980
3 0.408709 0.304416 0.039292 0.040083
3 0.480873 0.296375 0.064870 0.061500
3 0.357287 0.301427 0.042700 0.055980
3 0.086698 0.290479 0.057772 0.040333
3 0.321645 0.302323 0.030791 0.032770
3 0.639664 0.663566 0.719953 0.674006
4 0.676070 0.658784 0.645889 0.664442
5 0.703455 0.530635 0.594411 0.420645
6 0.723712 0.474556 0.553673 0.311612
7 0.751062 0.445720 0.499000 0.235191
2 0.291722 0.305802 0.039694 0.045980
2 0.408709 0.304416 0.039292 0.040083
2 0.480873 0.296375 0.064870 0.061500
2 0.357287 0.301427 0.042700 0.055980
2 0.086698 0.290479 0.057772 0.040333
2 0.321645 0.302323 0.030791 0.032770
3 0.639664 0.663566 0.719953 0.674006
4 0.676070 0.658784 0.645889 0.664442
5 0.703455 0.530635 0.594411 0.420645
6 0.723712 0.474556 0.553673 0.311612
7 0.751062 0.445720 0.499000 0.235191
2 0.291722 0.305802 0.039694 0.045980
2 0.408709 0.304416 0.039292 0.040083
2 0.480873 0.296375 0.064870 0.061500
2 0.357287 0.301427 0.042700 0.055980
2 0.086698 0.290479 0.057772 0.040333
2 0.321645 0.302323 0.030791 0.032770
3 0.639664 0.663566 0.719953 0.674006
4 0.676070 0.658784 0.645889 0.664442
5 0.703455 0.530635 0.594411 0.420645
6 0.723712 0.474556 0.553673 0.311612
7 0.751062 0.445720 0.499000 0.235191
2 0.291722 0.305802 0.039694 0.045980
2 0.408709 0.304416 0.039292 0.040083
2 0.480873 0.296375 0.064870 0.061500
2 0.357287 0.301427 0.042700 0.055980
2 0.086698 0.290479 0.057772 0.040333
2 0.321645 0.302323 0.030791 0.032770
