3 0.6396640625 0.663565625 0.719953125 0.6740062499999999
4 0.67606953125 0.65878359375 0.6458890625 0.6644421875
5 0.70345546875 0.53063515625 0.5944109375 0.42064531250000003
6 0.72371171875 0.47259375 0.5536734375 0.31706249999999997
7 0.75516796875 0.39473984375 0.4884609375 0.1894796875
2 0.71561328125 0.271125 0.0968515625 0.076625
2 0.297234375 0.26863515625 0.05071875 0.0560203125
9 0.60551328125 0.27161484375 0.0735265625 0.0744796875
2 0.37034765625 0.30165625 0.0813203125 0.09081249999999999
0 0.48035390624999996 0.41510390625 0.0638328125 0.1739578125
2 0.54488203125 0.26957265625 0.0460140625 0.0516453125
2 0.64613203125 0.27878125000000004 0.0516390625 0.0575625
9 0.43451640625000004 0.26165625000000003 0.0534078125 0.0545625
3 0.6396640625 0.663565625 0.719953125 0.6740062499999999
4 0.67606953125 0.65878359375 0.6458890625 0.6644421875
5 0.70345546875 0.53063515625 0.5944109375 0.42064531250000003
6 0.72371171875 0.47259375 0.5536734375 0.31706249999999997
7 0.75516796875 0.39473984375 0.4884609375 0.1894796875
2 0.71561328125 0.271125 0.0968515625 0.076625
2 0.297234375 0.26863515625 0.05071875 0.0560203125
9 0.60551328125 0.27161484375 0.0735265625 0.0744796875
2 0.37034765625 0.30165625 0.0813203125 0.09081249999999999
0 0.48035390624999996 0.41510390625 0.0638328125 0.1739578125
2 0.54488203125 0.26957265625 0.0460140625 0.0516453125
2 0.64613203125 0.27878125000000004 0.0516390625 0.0575625
9 0.43451640625000004 0.26165625000000003 0.0534078125 0.0545625
3 0.639664 0.663566 0.719953 0.674006
4 0.676070 0.658784 0.645889 0.664442
5 0.703455 0.530635 0.594411 0.420645
6 0.723712 0.472594 0.553673 0.317062
7 0.755168 0.394740 0.488461 0.189480
2 0.715613 0.271125 0.096852 0.076625
2 0.297234 0.268635 0.050719 0.056020
9 0.605513 0.271615 0.073527 0.074480
2 0.370348 0.301656 0.081320 0.090812
0 0.480354 0.415104 0.063833 0.173958
2 0.544882 0.269573 0.046014 0.051645
2 0.646132 0.278781 0.051639 0.057563
9 0.434516 0.261656 0.053408 0.054562
3 0.639664 0.663566 0.719953 0.674006
4 0.676070 0.658784 0.645889 0.664442
5 0.703455 0.530635 0.594411 0.420645
6 0.723712 0.472594 0.553673 0.317062
7 0.755168 0.394740 0.488461 0.189480
2 0.715613 0.271125 0.096852 0.076625
2 0.297234 0.268635 0.050719 0.056020
9 0.605513 0.271615 0.073527 0.074480
2 0.370348 0.301656 0.081320 0.090812
0 0.480354 0.415104 0.063833 0.173958
2 0.544882 0.269573 0.046014 0.051645
2 0.646132 0.278781 0.051639 0.057563
9 0.434516 0.261656 0.053408 0.054562
4 0.639664 0.663566 0.719953 0.674006
5 0.676070 0.658784 0.645889 0.664442
6 0.703455 0.530635 0.594411 0.420645
7 0.723712 0.472594 0.553673 0.317062
8 0.755168 0.394740 0.488461 0.189480
3 0.715613 0.271125 0.096852 0.076625
3 0.297234 0.268635 0.050719 0.056020
10 0.605513 0.271615 0.073527 0.074480
3 0.370348 0.301656 0.081320 0.090812
1 0.480354 0.415104 0.063833 0.173958
3 0.544882 0.269573 0.046014 0.051645
3 0.646132 0.278781 0.051639 0.057563
10 0.434516 0.261656 0.053408 0.054562
3 0.639664 0.663566 0.719953 0.674006
4 0.676070 0.658784 0.645889 0.664442
5 0.703455 0.530635 0.594411 0.420645
6 0.723712 0.472594 0.553673 0.317062
7 0.755168 0.394740 0.488461 0.189480
2 0.715613 0.271125 0.096852 0.076625
2 0.297234 0.268635 0.050719 0.056020
9 0.605513 0.271615 0.073527 0.074480
2 0.370348 0.301656 0.081320 0.090812
0 0.480354 0.415104 0.063833 0.173958
2 0.544882 0.269573 0.046014 0.051645
2 0.646132 0.278781 0.051639 0.057563
9 0.434516 0.261656 0.053408 0.054562
3 0.639664 0.663566 0.719953 0.674006
4 0.676070 0.658784 0.645889 0.664442
5 0.703455 0.530635 0.594411 0.420645
6 0.723712 0.472594 0.553673 0.317062
7 0.755168 0.394740 0.488461 0.189480
2 0.715613 0.271125 0.096852 0.076625
2 0.297234 0.268635 0.050719 0.056020
9 0.605513 0.271615 0.073527 0.074480
2 0.370348 0.301656 0.081320 0.090812
0 0.480354 0.415104 0.063833 0.173958
2 0.544882 0.269573 0.046014 0.051645
2 0.646132 0.278781 0.051639 0.057563
9 0.434516 0.261656 0.053408 0.054562
3 0.639664 0.663566 0.719953 0.674006
4 0.676070 0.658784 0.645889 0.664442
5 0.703455 0.530635 0.594411 0.420645
6 0.723712 0.472594 0.553673 0.317062
7 0.755168 0.394740 0.488461 0.189480
2 0.715613 0.271125 0.096852 0.076625
2 0.297234 0.268635 0.050719 0.056020
9 0.605513 0.271615 0.073527 0.074480
2 0.370348 0.301656 0.081320 0.090812
0 0.480354 0.415104 0.063833 0.173958
2 0.544882 0.269573 0.046014 0.051645
2 0.646132 0.278781 0.051639 0.057563
9 0.434516 0.261656 0.053408 0.054562
