3 0.6396640625 0.663565625 0.719953125 0.6740062499999999
4 0.67606953125 0.65878359375 0.6458890625 0.6644421875
5 0.70345546875 0.53063515625 0.5944109375 0.42064531250000003
6 0.72371171875 0.47259375 0.5536734375 0.31706249999999997
7 0.75516796875 0.39473984375 0.4884609375 0.1894796875
9 0.7913617187499999 0.3134375 0.23897343750000002 0.19875
9 0.49371484375 0.36039609375000003 0.1936796875 0.1957921875
9 0.6212796875000001 0.27946875000000004 0.114434375 0.1183125
9 0.9676 0.29196875 0.06332499999999999 0.0683125
2 0.3325765625 0.28717734375 0.071403125 0.0868546875
2 0.28621484375 0.26048984375 0.050554687499999994 0.0553546875
2 0.38576640625 0.27152109375 0.0527828125 0.058667187499999995
2 0.5369335937499999 0.28447890625 0.0863671875 0.08770781250000001
3 0.6396640625 0.663565625 0.719953125 0.6740062499999999
4 0.67606953125 0.65878359375 0.6458890625 0.6644421875
5 0.70345546875 0.53063515625 0.5944109375 0.42064531250000003
6 0.72371171875 0.47259375 0.5536734375 0.31706249999999997
7 0.75516796875 0.39473984375 0.4884609375 0.1894796875
9 0.7913617187499999 0.3134375 0.23897343750000002 0.19875
9 0.49371484375 0.36039609375000003 0.1936796875 0.1957921875
9 0.6212796875000001 0.27946875000000004 0.114434375 0.1183125
9 0.9676 0.29196875 0.06332499999999999 0.0683125
2 0.3325765625 0.28717734375 0.071403125 0.0868546875
2 0.28621484375 0.26048984375 0.050554687499999994 0.0553546875
2 0.38576640625 0.27152109375 0.0527828125 0.058667187499999995
2 0.5369335937499999 0.28447890625 0.0863671875 0.08770781250000001
3 0.639664 0.663566 0.719953 0.674006
4 0.676070 0.658784 0.645889 0.664442
5 0.703455 0.530635 0.594411 0.420645
6 0.723712 0.472594 0.553673 0.317062
7 0.755168 0.394740 0.488461 0.189480
9 0.791362 0.313437 0.238973 0.198750
9 0.493715 0.360396 0.193680 0.195792
9 0.621280 0.279469 0.114434 0.118313
9 0.967600 0.291969 0.063325 0.068312
2 0.332577 0.287177 0.071403 0.086855
2 0.286215 0.260490 0.050555 0.055355
2 0.385766 0.271521 0.052783 0.058667
2 0.536934 0.284479 0.086367 0.087708
3 0.639664 0.663566 0.719953 0.674006
4 0.676070 0.658784 0.645889 0.664442
5 0.703455 0.530635 0.594411 0.420645
6 0.723712 0.472594 0.553673 0.317062
7 0.755168 0.394740 0.488461 0.189480
9 0.791362 0.313437 0.238973 0.198750
9 0.493715 0.360396 0.193680 0.195792
9 0.621280 0.279469 0.114434 0.118313
9 0.967600 0.291969 0.063325 0.068312
2 0.332577 0.287177 0.071403 0.086855
2 0.286215 0.260490 0.050555 0.055355
2 0.385766 0.271521 0.052783 0.058667
2 0.536934 0.284479 0.086367 0.087708
4 0.639664 0.663566 0.719953 0.674006
5 0.676070 0.658784 0.645889 0.664442
6 0.703455 0.530635 0.594411 0.420645
7 0.723712 0.472594 0.553673 0.317062
8 0.755168 0.394740 0.488461 0.189480
10 0.791362 0.313437 0.238973 0.198750
10 0.493715 0.360396 0.193680 0.195792
10 0.621280 0.279469 0.114434 0.118313
10 0.967600 0.291969 0.063325 0.068312
3 0.332577 0.287177 0.071403 0.086855
3 0.286215 0.260490 0.050555 0.055355
3 0.385766 0.271521 0.052783 0.058667
3 0.536934 0.284479 0.086367 0.087708
3 0.639664 0.663566 0.719953 0.674006
4 0.676070 0.658784 0.645889 0.664442
5 0.703455 0.530635 0.594411 0.420645
6 0.723712 0.472594 0.553673 0.317062
7 0.755168 0.394740 0.488461 0.189480
9 0.791362 0.313437 0.238973 0.198750
9 0.493715 0.360396 0.193680 0.195792
9 0.621280 0.279469 0.114434 0.118313
9 0.967600 0.291969 0.063325 0.068312
2 0.332577 0.287177 0.071403 0.086855
2 0.286215 0.260490 0.050555 0.055355
2 0.385766 0.271521 0.052783 0.058667
2 0.536934 0.284479 0.086367 0.087708
3 0.639664 0.663566 0.719953 0.674006
4 0.676070 0.658784 0.645889 0.664442
5 0.703455 0.530635 0.594411 0.420645
6 0.723712 0.472594 0.553673 0.317062
7 0.755168 0.394740 0.488461 0.189480
9 0.791362 0.313437 0.238973 0.198750
9 0.493715 0.360396 0.193680 0.195792
9 0.621280 0.279469 0.114434 0.118313
9 0.967600 0.291969 0.063325 0.068312
2 0.332577 0.287177 0.071403 0.086855
2 0.286215 0.260490 0.050555 0.055355
2 0.385766 0.271521 0.052783 0.058667
2 0.536934 0.284479 0.086367 0.087708
3 0.639664 0.663566 0.719953 0.674006
4 0.676070 0.658784 0.645889 0.664442
5 0.703455 0.530635 0.594411 0.420645
6 0.723712 0.472594 0.553673 0.317062
7 0.755168 0.394740 0.488461 0.189480
9 0.791362 0.313437 0.238973 0.198750
9 0.493715 0.360396 0.193680 0.195792
9 0.621280 0.279469 0.114434 0.118313
9 0.967600 0.291969 0.063325 0.068312
2 0.332577 0.287177 0.071403 0.086855
2 0.286215 0.260490 0.050555 0.055355
2 0.385766 0.271521 0.052783 0.058667
2 0.536934 0.284479 0.086367 0.087708
