3 0.6396640625 0.663565625 0.719953125 0.6740062499999999
4 0.67606953125 0.65878359375 0.6458890625 0.6644421875
5 0.70345546875 0.53063515625 0.5944109375 0.42064531250000003
6 0.72371171875 0.47259375 0.5536734375 0.31706249999999997
7 0.75516796875 0.39473984375 0.4884609375 0.1894796875
2 0.38368515625 0.28684374999999995 0.07049531249999999 0.10493749999999999
2 0.9412437499999999 0.25296875 0.0949875 0.0496875
2 0.49357890624999995 0.32459375 0.1684078125 0.1929375
2 0.61058359375 0.27759375 0.0805421875 0.0833125
2 0.759534375 0.34308359374999997 0.07531875 0.0986671875
2 0.95886171875 0.35615625 0.08334843750000001 0.1654375
2 0.29527734375 0.24986484375 0.053054687499999996 0.0716046875
2 0.23866171875000003 0.23159375 0.0241984375 0.025687500000000002
8 0.6890328125 0.36081250000000004 0.078065625 0.22162500000000002
3 0.6396640625 0.663565625 0.719953125 0.6740062499999999
4 0.67606953125 0.65878359375 0.6458890625 0.6644421875
5 0.70345546875 0.53063515625 0.5944109375 0.42064531250000003
6 0.72371171875 0.47259375 0.5536734375 0.31706249999999997
7 0.75516796875 0.39473984375 0.4884609375 0.1894796875
2 0.38368515625 0.28684374999999995 0.07049531249999999 0.10493749999999999
2 0.9412437499999999 0.25296875 0.0949875 0.0496875
2 0.49357890624999995 0.32459375 0.1684078125 0.1929375
2 0.61058359375 0.27759375 0.0805421875 0.0833125
2 0.759534375 0.34308359374999997 0.07531875 0.0986671875
2 0.95886171875 0.35615625 0.08334843750000001 0.1654375
2 0.29527734375 0.24986484375 0.053054687499999996 0.0716046875
2 0.23866171875000003 0.23159375 0.0241984375 0.025687500000000002
8 0.6890328125 0.36081250000000004 0.078065625 0.22162500000000002
3 0.639664 0.663566 0.719953 0.674006
4 0.676070 0.658784 0.645889 0.664442
5 0.703455 0.530635 0.594411 0.420645
6 0.723712 0.472594 0.553673 0.317062
7 0.755168 0.394740 0.488461 0.189480
2 0.383685 0.286844 0.070495 0.104937
2 0.941244 0.252969 0.094988 0.049688
2 0.493579 0.324594 0.168408 0.192938
2 0.610584 0.277594 0.080542 0.083312
2 0.759534 0.343084 0.075319 0.098667
2 0.958862 0.356156 0.083348 0.165437
2 0.295277 0.249865 0.053055 0.071605
2 0.238662 0.231594 0.024198 0.025688
8 0.689033 0.360813 0.078066 0.221625
3 0.639664 0.663566 0.719953 0.674006
4 0.676070 0.658784 0.645889 0.664442
5 0.703455 0.530635 0.594411 0.420645
6 0.723712 0.472594 0.553673 0.317062
7 0.755168 0.394740 0.488461 0.189480
2 0.383685 0.286844 0.070495 0.104937
2 0.941244 0.252969 0.094988 0.049688
2 0.493579 0.324594 0.168408 0.192938
2 0.610584 0.277594 0.080542 0.083312
2 0.759534 0.343084 0.075319 0.098667
2 0.958862 0.356156 0.083348 0.165437
2 0.295277 0.249865 0.053055 0.071605
2 0.238662 0.231594 0.024198 0.025688
8 0.689033 0.360813 0.078066 0.221625
4 0.639664 0.663566 0.719953 0.674006
5 0.676070 0.658784 0.645889 0.664442
6 0.703455 0.530635 0.594411 0.420645
7 0.723712 0.472594 0.553673 0.317062
8 0.755168 0.394740 0.488461 0.189480
3 0.383685 0.286844 0.070495 0.104937
3 0.941244 0.252969 0.094988 0.049688
3 0.493579 0.324594 0.168408 0.192938
3 0.610584 0.277594 0.080542 0.083312
3 0.759534 0.343084 0.075319 0.098667
3 0.958862 0.356156 0.083348 0.165437
3 0.295277 0.249865 0.053055 0.071605
3 0.238662 0.231594 0.024198 0.025688
9 0.689033 0.360813 0.078066 0.221625
3 0.639664 0.663566 0.719953 0.674006
4 0.676070 0.658784 0.645889 0.664442
5 0.703455 0.530635 0.594411 0.420645
6 0.723712 0.472594 0.553673 0.317062
7 0.755168 0.394740 0.488461 0.189480
2 0.383685 0.286844 0.070495 0.104937
2 0.941244 0.252969 0.094988 0.049688
2 0.493579 0.324594 0.168408 0.192938
2 0.610584 0.277594 0.080542 0.083312
2 0.759534 0.343084 0.075319 0.098667
2 0.958862 0.356156 0.083348 0.165437
2 0.295277 0.249865 0.053055 0.071605
2 0.238662 0.231594 0.024198 0.025688
8 0.689033 0.360813 0.078066 0.221625
3 0.639664 0.663566 0.719953 0.674006
4 0.676070 0.658784 0.645889 0.664442
5 0.703455 0.530635 0.594411 0.420645
6 0.723712 0.472594 0.553673 0.317062
7 0.755168 0.394740 0.488461 0.189480
2 0.383685 0.286844 0.070495 0.104937
2 0.941244 0.252969 0.094988 0.049688
2 0.493579 0.324594 0.168408 0.192938
2 0.610584 0.277594 0.080542 0.083312
2 0.759534 0.343084 0.075319 0.098667
2 0.958862 0.356156 0.083348 0.165437
2 0.295277 0.249865 0.053055 0.071605
2 0.238662 0.231594 0.024198 0.025688
8 0.689033 0.360813 0.078066 0.221625
3 0.639664 0.663566 0.719953 0.674006
4 0.676070 0.658784 0.645889 0.664442
5 0.703455 0.530635 0.594411 0.420645
6 0.723712 0.472594 0.553673 0.317062
7 0.755168 0.394740 0.488461 0.189480
2 0.383685 0.286844 0.070495 0.104937
2 0.941244 0.252969 0.094988 0.049688
2 0.493579 0.324594 0.168408 0.192938
2 0.610584 0.277594 0.080542 0.083312
2 0.759534 0.343084 0.075319 0.098667
2 0.958862 0.356156 0.083348 0.165437
2 0.295277 0.249865 0.053055 0.071605
2 0.238662 0.231594 0.024198 0.025688
8 0.689033 0.360813 0.078066 0.221625
