3 0.6396640625 0.663565625 0.719953125 0.6740062499999999
4 0.67606953125 0.65878359375 0.6458890625 0.6644421875
5 0.70345546875 0.53063515625 0.5944109375 0.42064531250000003
6 0.72371171875 0.47455625 0.5536734375 0.31161249999999996
7 0.7510625 0.44572031249999994 0.499 0.235190625
2 0.28152109375 0.29408359375000004 0.0411671875 0.0381671875
2 0.37967578125 0.29011484374999996 0.0374765625 0.0396046875
2 0.34060703124999997 0.29122890625000003 0.0374640625 0.0387078125
2 0.43439843749999996 0.28408359375000003 0.040671875 0.0494171875
2 0.48242890625 0.28473984375 0.0586078125 0.0444796875
2 0.36165703125 0.28996875 0.0733140625 0.0424375
2 0.314528125 0.28276015625 0.02593125 0.0311453125
3 0.6396640625 0.663565625 0.719953125 0.6740062499999999
4 0.67606953125 0.65878359375 0.6458890625 0.6644421875
5 0.70345546875 0.53063515625 0.5944109375 0.42064531250000003
6 0.72371171875 0.47455625 0.5536734375 0.31161249999999996
7 0.7510625 0.44572031249999994 0.499 0.235190625
2 0.28152109375 0.29408359375000004 0.0411671875 0.0381671875
2 0.37967578125 0.29011484374999996 0.0374765625 0.0396046875
2 0.34060703124999997 0.29122890625000003 0.0374640625 0.0387078125
2 0.43439843749999996 0.28408359375000003 0.040671875 0.0494171875
2 0.48242890625 0.28473984375 0.0586078125 0.0444796875
2 0.36165703125 0.28996875 0.0733140625 0.0424375
2 0.314528125 0.28276015625 0.02593125 0.0311453125
3 0.639664 0.663566 0.719953 0.674006
4 0.676070 0.658784 0.645889 0.664442
5 0.703455 0.530635 0.594411 0.420645
6 0.723712 0.474556 0.553673 0.311612
7 0.751062 0.445720 0.499000 0.235191
2 0.281521 0.294084 0.041167 0.038167
2 0.379676 0.290115 0.037477 0.039605
2 0.340607 0.291229 0.037464 0.038708
2 0.434398 0.284084 0.040672 0.049417
2 0.482429 0.284740 0.058608 0.044480
2 0.361657 0.289969 0.073314 0.042438
2 0.314528 0.282760 0.025931 0.031145
3 0.639664 0.663566 0.719953 0.674006
4 0.676070 0.658784 0.645889 0.664442
5 0.703455 0.530635 0.594411 0.420645
6 0.723712 0.474556 0.553673 0.311612
7 0.751062 0.445720 0.499000 0.235191
2 0.281521 0.294084 0.041167 0.038167
2 0.379676 0.290115 0.037477 0.039605
2 0.340607 0.291229 0.037464 0.038708
2 0.434398 0.284084 0.040672 0.049417
2 0.482429 0.284740 0.058608 0.044480
2 0.361657 0.289969 0.073314 0.042438
2 0.314528 0.282760 0.025931 0.031145
4 0.639664 0.663566 0.719953 0.674006
5 0.676070 0.658784 0.645889 0.664442
6 0.703455 0.530635 0.594411 0.420645
7 0.723712 0.474556 0.553673 0.311612
8 0.751062 0.445720 0.499000 0.235191
3 0.281521 0.294084 0.041167 0.038167
3 0.379676 0.290115 0.037477 0.039605
3 0.340607 0.291229 0.037464 0.038708
3 0.434398 0.284084 0.040672 0.049417
3 0.482429 0.284740 0.058608 0.044480
3 0.361657 0.289969 0.073314 0.042438
3 0.314528 0.282760 0.025931 0.031145
3 0.639664 0.663566 0.719953 0.674006
4 0.676070 0.658784 0.645889 0.664442
5 0.703455 0.530635 0.594411 0.420645
6 0.723712 0.474556 0.553673 0.311612
7 0.751062 0.445720 0.499000 0.235191
2 0.281521 0.294084 0.041167 0.038167
2 0.379676 0.290115 0.037477 0.039605
2 0.340607 0.291229 0.037464 0.038708
2 0.434398 0.284084 0.040672 0.049417
2 0.482429 0.284740 0.058608 0.044480
2 0.361657 0.289969 0.073314 0.042438
2 0.314528 0.282760 0.025931 0.031145
3 0.639664 0.663566 0.719953 0.674006
4 0.676070 0.658784 0.645889 0.664442
5 0.703455 0.530635 0.594411 0.420645
6 0.723712 0.474556 0.553673 0.311612
7 0.751062 0.445720 0.499000 0.235191
2 0.281521 0.294084 0.041167 0.038167
2 0.379676 0.290115 0.037477 0.039605
2 0.340607 0.291229 0.037464 0.038708
2 0.434398 0.284084 0.040672 0.049417
2 0.482429 0.284740 0.058608 0.044480
2 0.361657 0.289969 0.073314 0.042438
2 0.314528 0.282760 0.025931 0.031145
3 0.639664 0.663566 0.719953 0.674006
4 0.676070 0.658784 0.645889 0.664442
5 0.703455 0.530635 0.594411 0.420645
6 0.723712 0.474556 0.553673 0.311612
7 0.751062 0.445720 0.499000 0.235191
2 0.281521 0.294084 0.041167 0.038167
2 0.379676 0.290115 0.037477 0.039605
2 0.340607 0.291229 0.037464 0.038708
2 0.434398 0.284084 0.040672 0.049417
2 0.482429 0.284740 0.058608 0.044480
2 0.361657 0.289969 0.073314 0.042438
2 0.314528 0.282760 0.025931 0.031145
