3 0.6396640625 0.663565625 0.719953125 0.6740062499999999
4 0.67606953125 0.65878359375 0.6458890625 0.6644421875
5 0.70345546875 0.53063515625 0.5944109375 0.42064531250000003
6 0.72371171875 0.47259375 0.5536734375 0.31706249999999997
7 0.75516796875 0.39473984375 0.4884609375 0.1894796875
2 0.5611671874999999 0.25195859375 0.06920937499999999 0.038292187500000005
2 0.36214609375 0.23863515624999998 0.0524171875 0.049145312499999996
2 0.27597890625 0.23048984374999998 0.0238328125 0.0234796875
2 0.23894453124999998 0.22951015625 0.0185140625 0.0340203125
3 0.6396640625 0.663565625 0.719953125 0.6740062499999999
4 0.67606953125 0.65878359375 0.6458890625 0.6644421875
5 0.70345546875 0.53063515625 0.5944109375 0.42064531250000003
6 0.72371171875 0.47259375 0.5536734375 0.31706249999999997
7 0.75516796875 0.39473984375 0.4884609375 0.1894796875
2 0.5611671874999999 0.25195859375 0.06920937499999999 0.038292187500000005
2 0.36214609375 0.23863515624999998 0.0524171875 0.049145312499999996
2 0.27597890625 0.23048984374999998 0.0238328125 0.0234796875
2 0.23894453124999998 0.22951015625 0.0185140625 0.0340203125
3 0.639664 0.663566 0.719953 0.674006
4 0.676070 0.658784 0.645889 0.664442
5 0.703455 0.530635 0.594411 0.420645
6 0.723712 0.472594 0.553673 0.317062
7 0.755168 0.394740 0.488461 0.189480
2 0.561167 0.251959 0.069209 0.038292
2 0.362146 0.238635 0.052417 0.049145
2 0.275979 0.230490 0.023833 0.023480
2 0.238945 0.229510 0.018514 0.034020
3 0.639664 0.663566 0.719953 0.674006
4 0.676070 0.658784 0.645889 0.664442
5 0.703455 0.530635 0.594411 0.420645
6 0.723712 0.472594 0.553673 0.317062
7 0.755168 0.394740 0.488461 0.189480
2 0.561167 0.251959 0.069209 0.038292
2 0.362146 0.238635 0.052417 0.049145
2 0.275979 0.230490 0.023833 0.023480
2 0.238945 0.229510 0.018514 0.034020
4 0.639664 0.663566 0.719953 0.674006
5 0.676070 0.658784 0.645889 0.664442
6 0.703455 0.530635 0.594411 0.420645
7 0.723712 0.472594 0.553673 0.317062
8 0.755168 0.394740 0.488461 0.189480
3 0.561167 0.251959 0.069209 0.038292
3 0.362146 0.238635 0.052417 0.049145
3 0.275979 0.230490 0.023833 0.023480
3 0.238945 0.229510 0.018514 0.034020
3 0.639664 0.663566 0.719953 0.674006
4 0.676070 0.658784 0.645889 0.664442
5 0.703455 0.530635 0.594411 0.420645
6 0.723712 0.472594 0.553673 0.317062
7 0.755168 0.394740 0.488461 0.189480
2 0.561167 0.251959 0.069209 0.038292
2 0.362146 0.238635 0.052417 0.049145
2 0.275979 0.230490 0.023833 0.023480
2 0.238945 0.229510 0.018514 0.034020
3 0.639664 0.663566 0.719953 0.674006
4 0.676070 0.658784 0.645889 0.664442
5 0.703455 0.530635 0.594411 0.420645
6 0.723712 0.472594 0.553673 0.317062
7 0.755168 0.394740 0.488461 0.189480
2 0.561167 0.251959 0.069209 0.038292
2 0.362146 0.238635 0.052417 0.049145
2 0.275979 0.230490 0.023833 0.023480
2 0.238945 0.229510 0.018514 0.034020
3 0.639664 0.663566 0.719953 0.674006
4 0.676070 0.658784 0.645889 0.664442
5 0.703455 0.530635 0.594411 0.420645
6 0.723712 0.472594 0.553673 0.317062
7 0.755168 0.394740 0.488461 0.189480
2 0.561167 0.251959 0.069209 0.038292
2 0.362146 0.238635 0.052417 0.049145
2 0.275979 0.230490 0.023833 0.023480
2 0.238945 0.229510 0.018514 0.034020
