3 0.6396640625 0.663565625 0.719953125 0.6740062499999999
4 0.67606953125 0.65878359375 0.6458890625 0.6644421875
5 0.70345546875 0.53063515625 0.5944109375 0.42064531250000003
6 0.72371171875 0.47259375 0.5536734375 0.31706249999999997
7 0.75516796875 0.39473984375 0.4884609375 0.1894796875
2 0.4713859375 0.29495859375 0.152146875 0.1774171875
2 0.33584921875 0.24436484374999998 0.0748234375 0.0856046875
2 0.91479921875 0.31021875000000004 0.1702234375 0.2048125
2 0.676409375 0.25648984375 0.10594375 0.11297968750000001
2 0.58058984375 0.26530234375 0.1424296875 0.1618546875
2 0.2914390625 0.22086484374999998 0.045378125000000005 0.0698546875
3 0.6396640625 0.663565625 0.719953125 0.6740062499999999
4 0.67606953125 0.65878359375 0.6458890625 0.6644421875
5 0.70345546875 0.53063515625 0.5944109375 0.42064531250000003
6 0.72371171875 0.47259375 0.5536734375 0.31706249999999997
7 0.75516796875 0.39473984375 0.4884609375 0.1894796875
2 0.4713859375 0.29495859375 0.152146875 0.1774171875
2 0.33584921875 0.24436484374999998 0.0748234375 0.0856046875
2 0.91479921875 0.31021875000000004 0.1702234375 0.2048125
2 0.676409375 0.25648984375 0.10594375 0.11297968750000001
2 0.58058984375 0.26530234375 0.1424296875 0.1618546875
2 0.2914390625 0.22086484374999998 0.045378125000000005 0.0698546875
3 0.639664 0.663566 0.719953 0.674006
4 0.676070 0.658784 0.645889 0.664442
5 0.703455 0.530635 0.594411 0.420645
6 0.723712 0.472594 0.553673 0.317062
7 0.755168 0.394740 0.488461 0.189480
2 0.471386 0.294959 0.152147 0.177417
2 0.335849 0.244365 0.074823 0.085605
2 0.914799 0.310219 0.170223 0.204813
2 0.676409 0.256490 0.105944 0.112980
2 0.580590 0.265302 0.142430 0.161855
2 0.291439 0.220865 0.045378 0.069855
3 0.639664 0.663566 0.719953 0.674006
4 0.676070 0.658784 0.645889 0.664442
5 0.703455 0.530635 0.594411 0.420645
6 0.723712 0.472594 0.553673 0.317062
7 0.755168 0.394740 0.488461 0.189480
2 0.471386 0.294959 0.152147 0.177417
2 0.335849 0.244365 0.074823 0.085605
2 0.914799 0.310219 0.170223 0.204813
2 0.676409 0.256490 0.105944 0.112980
2 0.580590 0.265302 0.142430 0.161855
2 0.291439 0.220865 0.045378 0.069855
4 0.639664 0.663566 0.719953 0.674006
5 0.676070 0.658784 0.645889 0.664442
6 0.703455 0.530635 0.594411 0.420645
7 0.723712 0.472594 0.553673 0.317062
8 0.755168 0.394740 0.488461 0.189480
3 0.471386 0.294959 0.152147 0.177417
3 0.335849 0.244365 0.074823 0.085605
3 0.914799 0.310219 0.170223 0.204813
3 0.676409 0.256490 0.105944 0.112980
3 0.580590 0.265302 0.142430 0.161855
3 0.291439 0.220865 0.045378 0.069855
3 0.639664 0.663566 0.719953 0.674006
4 0.676070 0.658784 0.645889 0.664442
5 0.703455 0.530635 0.594411 0.420645
6 0.723712 0.472594 0.553673 0.317062
7 0.755168 0.394740 0.488461 0.189480
2 0.471386 0.294959 0.152147 0.177417
2 0.335849 0.244365 0.074823 0.085605
2 0.914799 0.310219 0.170223 0.204813
2 0.676409 0.256490 0.105944 0.112980
2 0.580590 0.265302 0.142430 0.161855
2 0.291439 0.220865 0.045378 0.069855
3 0.639664 0.663566 0.719953 0.674006
4 0.676070 0.658784 0.645889 0.664442
5 0.703455 0.530635 0.594411 0.420645
6 0.723712 0.472594 0.553673 0.317062
7 0.755168 0.394740 0.488461 0.189480
2 0.471386 0.294959 0.152147 0.177417
2 0.335849 0.244365 0.074823 0.085605
2 0.914799 0.310219 0.170223 0.204813
2 0.676409 0.256490 0.105944 0.112980
2 0.580590 0.265302 0.142430 0.161855
2 0.291439 0.220865 0.045378 0.069855
3 0.639664 0.663566 0.719953 0.674006
4 0.676070 0.658784 0.645889 0.664442
5 0.703455 0.530635 0.594411 0.420645
6 0.723712 0.472594 0.553673 0.317062
7 0.755168 0.394740 0.488461 0.189480
2 0.471386 0.294959 0.152147 0.177417
2 0.335849 0.244365 0.074823 0.085605
2 0.914799 0.310219 0.170223 0.204813
2 0.676409 0.256490 0.105944 0.112980
2 0.580590 0.265302 0.142430 0.161855
2 0.291439 0.220865 0.045378 0.069855
