3 0.6396640625 0.663565625 0.719953125 0.6740062499999999
4 0.67606953125 0.65878359375 0.6458890625 0.6644421875
5 0.70345546875 0.53063515625 0.5944109375 0.42064531250000003
6 0.72371171875 0.47259375 0.5536734375 0.31706249999999997
7 0.75516796875 0.39473984375 0.4884609375 0.1894796875
2 0.9129835937499999 0.30365625 0.1728421875 0.18231250000000002
2 0.43794843749999995 0.25569765625 0.075896875 0.0863953125
2 0.2943453125 0.23815625 0.048065625 0.06381250000000001
2 0.6820398437499999 0.29140625 0.2234546875 0.1953125
2 0.38296015625 0.24096875 0.0409203125 0.0600625
2 0.57885 0.24645859374999998 0.06394999999999999 0.1054171875
3 0.6396640625 0.663565625 0.719953125 0.6740062499999999
4 0.67606953125 0.65878359375 0.6458890625 0.6644421875
5 0.70345546875 0.53063515625 0.5944109375 0.42064531250000003
6 0.72371171875 0.47259375 0.5536734375 0.31706249999999997
7 0.75516796875 0.39473984375 0.4884609375 0.1894796875
2 0.9129835937499999 0.30365625 0.1728421875 0.18231250000000002
2 0.43794843749999995 0.25569765625 0.075896875 0.0863953125
2 0.2943453125 0.23815625 0.048065625 0.06381250000000001
2 0.6820398437499999 0.29140625 0.2234546875 0.1953125
2 0.38296015625 0.24096875 0.0409203125 0.0600625
2 0.57885 0.24645859374999998 0.06394999999999999 0.1054171875
3 0.639664 0.663566 0.719953 0.674006
4 0.676070 0.658784 0.645889 0.664442
5 0.703455 0.530635 0.594411 0.420645
6 0.723712 0.472594 0.553673 0.317062
7 0.755168 0.394740 0.488461 0.189480
2 0.912984 0.303656 0.172842 0.182313
2 0.437948 0.255698 0.075897 0.086395
2 0.294345 0.238156 0.048066 0.063813
2 0.682040 0.291406 0.223455 0.195312
2 0.382960 0.240969 0.040920 0.060062
2 0.578850 0.246459 0.063950 0.105417
3 0.639664 0.663566 0.719953 0.674006
4 0.676070 0.658784 0.645889 0.664442
5 0.703455 0.530635 0.594411 0.420645
6 0.723712 0.472594 0.553673 0.317062
7 0.755168 0.394740 0.488461 0.189480
2 0.912984 0.303656 0.172842 0.182313
2 0.437948 0.255698 0.075897 0.086395
2 0.294345 0.238156 0.048066 0.063813
2 0.682040 0.291406 0.223455 0.195312
2 0.382960 0.240969 0.040920 0.060062
2 0.578850 0.246459 0.063950 0.105417
4 0.639664 0.663566 0.719953 0.674006
5 0.676070 0.658784 0.645889 0.664442
6 0.703455 0.530635 0.594411 0.420645
7 0.723712 0.472594 0.553673 0.317062
8 0.755168 0.394740 0.488461 0.189480
3 0.912984 0.303656 0.172842 0.182313
3 0.437948 0.255698 0.075897 0.086395
3 0.294345 0.238156 0.048066 0.063813
3 0.682040 0.291406 0.223455 0.195312
3 0.382960 0.240969 0.040920 0.060062
3 0.578850 0.246459 0.063950 0.105417
3 0.639664 0.663566 0.719953 0.674006
4 0.676070 0.658784 0.645889 0.664442
5 0.703455 0.530635 0.594411 0.420645
6 0.723712 0.472594 0.553673 0.317062
7 0.755168 0.394740 0.488461 0.189480
2 0.912984 0.303656 0.172842 0.182313
2 0.437948 0.255698 0.075897 0.086395
2 0.294345 0.238156 0.048066 0.063813
2 0.682040 0.291406 0.223455 0.195312
2 0.382960 0.240969 0.040920 0.060062
2 0.578850 0.246459 0.063950 0.105417
3 0.639664 0.663566 0.719953 0.674006
4 0.676070 0.658784 0.645889 0.664442
5 0.703455 0.530635 0.594411 0.420645
6 0.723712 0.472594 0.553673 0.317062
7 0.755168 0.394740 0.488461 0.189480
2 0.912984 0.303656 0.172842 0.182313
2 0.437948 0.255698 0.075897 0.086395
2 0.294345 0.238156 0.048066 0.063813
2 0.682040 0.291406 0.223455 0.195312
2 0.382960 0.240969 0.040920 0.060062
2 0.578850 0.246459 0.063950 0.105417
3 0.639664 0.663566 0.719953 0.674006
4 0.676070 0.658784 0.645889 0.664442
5 0.703455 0.530635 0.594411 0.420645
6 0.723712 0.472594 0.553673 0.317062
7 0.755168 0.394740 0.488461 0.189480
2 0.912984 0.303656 0.172842 0.182313
2 0.437948 0.255698 0.075897 0.086395
2 0.294345 0.238156 0.048066 0.063813
2 0.682040 0.291406 0.223455 0.195312
2 0.382960 0.240969 0.040920 0.060062
2 0.578850 0.246459 0.063950 0.105417
