3 0.6396640625 0.663565625 0.719953125 0.6740062499999999
4 0.67606953125 0.65878359375 0.6458890625 0.6644421875
5 0.70345546875 0.53063515625 0.5944109375 0.42064531250000003
6 0.72371171875 0.47455625 0.5536734375 0.31161249999999996
7 0.7510625 0.44572031249999994 0.499 0.235190625
2 0.383903125 0.29405234375 0.03343125 0.0412296875
2 0.4857484375 0.28876015625 0.052746875000000006 0.049395312499999997
2 0.34451640625 0.29417734375000004 0.0390328125 0.0477296875
2 0.43669843750000004 0.28805234375 0.042146875 0.0511046875
2 0.27873203125 0.29812500000000003 0.0574640625 0.043125000000000004
2 0.310525 0.29216640625 0.03355 0.0437078125
3 0.6396640625 0.663565625 0.719953125 0.6740062499999999
4 0.67606953125 0.65878359375 0.6458890625 0.6644421875
5 0.70345546875 0.53063515625 0.5944109375 0.42064531250000003
6 0.72371171875 0.47455625 0.5536734375 0.31161249999999996
7 0.7510625 0.44572031249999994 0.499 0.235190625
2 0.383903125 0.29405234375 0.03343125 0.0412296875
2 0.4857484375 0.28876015625 0.052746875000000006 0.049395312499999997
2 0.34451640625 0.29417734375000004 0.0390328125 0.0477296875
2 0.43669843750000004 0.28805234375 0.042146875 0.0511046875
2 0.27873203125 0.29812500000000003 0.0574640625 0.043125000000000004
2 0.310525 0.29216640625 0.03355 0.0437078125
3 0.639664 0.663566 0.719953 0.674006
4 0.676070 0.658784 0.645889 0.664442
5 0.703455 0.530635 0.594411 0.420645
6 0.723712 0.474556 0.553673 0.311612
7 0.751062 0.445720 0.499000 0.235191
2 0.383903 0.294052 0.033431 0.041230
2 0.485748 0.288760 0.052747 0.049395
2 0.344516 0.294177 0.039033 0.047730
2 0.436698 0.288052 0.042147 0.051105
2 0.278732 0.298125 0.057464 0.043125
2 0.310525 0.292166 0.033550 0.043708
3 0.639664 0.663566 0.719953 0.674006
4 0.676070 0.658784 0.645889 0.664442
5 0.703455 0.530635 0.594411 0.420645
6 0.723712 0.474556 0.553673 0.311612
7 0.751062 0.445720 0.499000 0.235191
2 0.383903 0.294052 0.033431 0.041230
2 0.485748 0.288760 0.052747 0.049395
2 0.344516 0.294177 0.039033 0.047730
2 0.436698 0.288052 0.042147 0.051105
2 0.278732 0.298125 0.057464 0.043125
2 0.310525 0.292166 0.033550 0.043708
4 0.639664 0.663566 0.719953 0.674006
5 0.676070 0.658784 0.645889 0.664442
6 0.703455 0.530635 0.594411 0.420645
7 0.723712 0.474556 0.553673 0.311612
8 0.751062 0.445720 0.499000 0.235191
3 0.383903 0.294052 0.033431 0.041230
3 0.485748 0.288760 0.052747 0.049395
3 0.344516 0.294177 0.039033 0.047730
3 0.436698 0.288052 0.042147 0.051105
3 0.278732 0.298125 0.057464 0.043125
3 0.310525 0.292166 0.033550 0.043708
3 0.639664 0.663566 0.719953 0.674006
4 0.676070 0.658784 0.645889 0.664442
5 0.703455 0.530635 0.594411 0.420645
6 0.723712 0.474556 0.553673 0.311612
7 0.751062 0.445720 0.499000 0.235191
2 0.383903 0.294052 0.033431 0.041230
2 0.485748 0.288760 0.052747 0.049395
2 0.344516 0.294177 0.039033 0.047730
2 0.436698 0.288052 0.042147 0.051105
2 0.278732 0.298125 0.057464 0.043125
2 0.310525 0.292166 0.033550 0.043708
3 0.639664 0.663566 0.719953 0.674006
4 0.676070 0.658784 0.645889 0.664442
5 0.703455 0.530635 0.594411 0.420645
6 0.723712 0.474556 0.553673 0.311612
7 0.751062 0.445720 0.499000 0.235191
2 0.383903 0.294052 0.033431 0.041230
2 0.485748 0.288760 0.052747 0.049395
2 0.344516 0.294177 0.039033 0.047730
2 0.436698 0.288052 0.042147 0.051105
2 0.278732 0.298125 0.057464 0.043125
2 0.310525 0.292166 0.033550 0.043708
3 0.639664 0.663566 0.719953 0.674006
4 0.676070 0.658784 0.645889 0.664442
5 0.703455 0.530635 0.594411 0.420645
6 0.723712 0.474556 0.553673 0.311612
7 0.751062 0.445720 0.499000 0.235191
2 0.383903 0.294052 0.033431 0.041230
2 0.485748 0.288760 0.052747 0.049395
2 0.344516 0.294177 0.039033 0.047730
2 0.436698 0.288052 0.042147 0.051105
2 0.278732 0.298125 0.057464 0.043125
2 0.310525 0.292166 0.033550 0.043708
