3 0.6396640625 0.663565625 0.719953125 0.6740062499999999
4 0.67606953125 0.65878359375 0.6458890625 0.6644421875
5 0.70345546875 0.53063515625 0.5944109375 0.42064531250000003
6 0.72371171875 0.47455625 0.5536734375 0.31161249999999996
7 0.7510625 0.44572031249999994 0.499 0.235190625
2 0.29201640625 0.3071875 0.0402828125 0.045625
2 0.40636171875000004 0.30539609375 0.0345984375 0.0420421875
2 0.35810703125 0.30134375 0.0443390625 0.0526875
2 0.47658046875000004 0.29688515625 0.07191093750000001 0.0593953125
2 0.32105546875 0.30171875 0.0296109375 0.0315625
2 0.5017453125 0.3055625 0.031615625 0.033
2 0.0851359375 0.29327109375 0.05777187499999999 0.0459171875
3 0.6396640625 0.663565625 0.719953125 0.6740062499999999
4 0.67606953125 0.65878359375 0.6458890625 0.6644421875
5 0.70345546875 0.53063515625 0.5944109375 0.42064531250000003
6 0.72371171875 0.47455625 0.5536734375 0.31161249999999996
7 0.7510625 0.44572031249999994 0.499 0.235190625
2 0.29201640625 0.3071875 0.0402828125 0.045625
2 0.40636171875000004 0.30539609375 0.0345984375 0.0420421875
2 0.35810703125 0.30134375 0.0443390625 0.0526875
2 0.47658046875000004 0.29688515625 0.07191093750000001 0.0593953125
2 0.32105546875 0.30171875 0.0296109375 0.0315625
2 0.5017453125 0.3055625 0.031615625 0.033
2 0.0851359375 0.29327109375 0.05777187499999999 0.0459171875
3 0.639664 0.663566 0.719953 0.674006
4 0.676070 0.658784 0.645889 0.664442
5 0.703455 0.530635 0.594411 0.420645
6 0.723712 0.474556 0.553673 0.311612
7 0.751062 0.445720 0.499000 0.235191
2 0.292016 0.307188 0.040283 0.045625
2 0.406362 0.305396 0.034598 0.042042
2 0.358107 0.301344 0.044339 0.052687
2 0.476580 0.296885 0.071911 0.059395
2 0.321055 0.301719 0.029611 0.031563
2 0.501745 0.305563 0.031616 0.033000
2 0.085136 0.293271 0.057772 0.045917
3 0.639664 0.663566 0.719953 0.674006
4 0.676070 0.658784 0.645889 0.664442
5 0.703455 0.530635 0.594411 0.420645
6 0.723712 0.474556 0.553673 0.311612
7 0.751062 0.445720 0.499000 0.235191
2 0.292016 0.307188 0.040283 0.045625
2 0.406362 0.305396 0.034598 0.042042
2 0.358107 0.301344 0.044339 0.052687
2 0.476580 0.296885 0.071911 0.059395
2 0.321055 0.301719 0.029611 0.031563
2 0.501745 0.305563 0.031616 0.033000
2 0.085136 0.293271 0.057772 0.045917
4 0.639664 0.663566 0.719953 0.674006
5 0.676070 0.658784 0.645889 0.664442
6 0.703455 0.530635 0.594411 0.420645
7 0.723712 0.474556 0.553673 0.311612
8 0.751062 0.445720 0.499000 0.235191
3 0.292016 0.307188 0.040283 0.045625
3 0.406362 0.305396 0.034598 0.042042
3 0.358107 0.301344 0.044339 0.052687
3 0.476580 0.296885 0.071911 0.059395
3 0.321055 0.301719 0.029611 0.031563
3 0.501745 0.305563 0.031616 0.033000
3 0.085136 0.293271 0.057772 0.045917
3 0.639664 0.663566 0.719953 0.674006
4 0.676070 0.658784 0.645889 0.664442
5 0.703455 0.530635 0.594411 0.420645
6 0.723712 0.474556 0.553673 0.311612
7 0.751062 0.445720 0.499000 0.235191
2 0.292016 0.307188 0.040283 0.045625
2 0.406362 0.305396 0.034598 0.042042
2 0.358107 0.301344 0.044339 0.052687
2 0.476580 0.296885 0.071911 0.059395
2 0.321055 0.301719 0.029611 0.031563
2 0.501745 0.305563 0.031616 0.033000
2 0.085136 0.293271 0.057772 0.045917
3 0.639664 0.663566 0.719953 0.674006
4 0.676070 0.658784 0.645889 0.664442
5 0.703455 0.530635 0.594411 0.420645
6 0.723712 0.474556 0.553673 0.311612
7 0.751062 0.445720 0.499000 0.235191
2 0.292016 0.307188 0.040283 0.045625
2 0.406362 0.305396 0.034598 0.042042
2 0.358107 0.301344 0.044339 0.052687
2 0.476580 0.296885 0.071911 0.059395
2 0.321055 0.301719 0.029611 0.031563
2 0.501745 0.305563 0.031616 0.033000
2 0.085136 0.293271 0.057772 0.045917
3 0.639664 0.663566 0.719953 0.674006
4 0.676070 0.658784 0.645889 0.664442
5 0.703455 0.530635 0.594411 0.420645
6 0.723712 0.474556 0.553673 0.311612
7 0.751062 0.445720 0.499000 0.235191
2 0.292016 0.307188 0.040283 0.045625
2 0.406362 0.305396 0.034598 0.042042
2 0.358107 0.301344 0.044339 0.052687
2 0.476580 0.296885 0.071911 0.059395
2 0.321055 0.301719 0.029611 0.031563
2 0.501745 0.305563 0.031616 0.033000
2 0.085136 0.293271 0.057772 0.045917
