3 0.6396640625 0.663565625 0.719953125 0.6740062499999999
4 0.67606953125 0.65878359375 0.6458890625 0.6644421875
5 0.70345546875 0.53063515625 0.5944109375 0.42064531250000003
6 0.72371171875 0.47259375 0.5536734375 0.31706249999999997
7 0.75516796875 0.39473984375 0.4884609375 0.1894796875
9 0.77083125 0.30836484375 0.1916625 0.1761046875
2 0.58795390625 0.27644765625 0.0852828125 0.0653953125
2 0.5099 0.29353125 0.06042499999999999 0.07768749999999999
2 0.42660390625 0.30020859375 0.0625828125 0.0660421875
2 0.32886796875 0.27317734375 0.0264859375 0.0401046875
2 0.36995859375 0.26846875 0.036792187500000004 0.0494375
3 0.6396640625 0.663565625 0.719953125 0.6740062499999999
4 0.67606953125 0.65878359375 0.6458890625 0.6644421875
5 0.70345546875 0.53063515625 0.5944109375 0.42064531250000003
6 0.72371171875 0.47259375 0.5536734375 0.31706249999999997
7 0.75516796875 0.39473984375 0.4884609375 0.1894796875
9 0.77083125 0.30836484375 0.1916625 0.1761046875
2 0.58795390625 0.27644765625 0.0852828125 0.0653953125
2 0.5099 0.29353125 0.06042499999999999 0.07768749999999999
2 0.42660390625 0.30020859375 0.0625828125 0.0660421875
2 0.32886796875 0.27317734375 0.0264859375 0.0401046875
2 0.36995859375 0.26846875 0.036792187500000004 0.0494375
3 0.639664 0.663566 0.719953 0.674006
4 0.676070 0.658784 0.645889 0.664442
5 0.703455 0.530635 0.594411 0.420645
6 0.723712 0.472594 0.553673 0.317062
7 0.755168 0.394740 0.488461 0.189480
9 0.770831 0.308365 0.191663 0.176105
2 0.587954 0.276448 0.085283 0.065395
2 0.509900 0.293531 0.060425 0.077687
2 0.426604 0.300209 0.062583 0.066042
2 0.328868 0.273177 0.026486 0.040105
2 0.369959 0.268469 0.036792 0.049438
3 0.639664 0.663566 0.719953 0.674006
4 0.676070 0.658784 0.645889 0.664442
5 0.703455 0.530635 0.594411 0.420645
6 0.723712 0.472594 0.553673 0.317062
7 0.755168 0.394740 0.488461 0.189480
9 0.770831 0.308365 0.191663 0.176105
2 0.587954 0.276448 0.085283 0.065395
2 0.509900 0.293531 0.060425 0.077687
2 0.426604 0.300209 0.062583 0.066042
2 0.328868 0.273177 0.026486 0.040105
2 0.369959 0.268469 0.036792 0.049438
4 0.639664 0.663566 0.719953 0.674006
5 0.676070 0.658784 0.645889 0.664442
6 0.703455 0.530635 0.594411 0.420645
7 0.723712 0.472594 0.553673 0.317062
8 0.755168 0.394740 0.488461 0.189480
10 0.770831 0.308365 0.191663 0.176105
3 0.587954 0.276448 0.085283 0.065395
3 0.509900 0.293531 0.060425 0.077687
3 0.426604 0.300209 0.062583 0.066042
3 0.328868 0.273177 0.026486 0.040105
3 0.369959 0.268469 0.036792 0.049438
3 0.639664 0.663566 0.719953 0.674006
4 0.676070 0.658784 0.645889 0.664442
5 0.703455 0.530635 0.594411 0.420645
6 0.723712 0.472594 0.553673 0.317062
7 0.755168 0.394740 0.488461 0.189480
9 0.770831 0.308365 0.191663 0.176105
2 0.587954 0.276448 0.085283 0.065395
2 0.509900 0.293531 0.060425 0.077687
2 0.426604 0.300209 0.062583 0.066042
2 0.328868 0.273177 0.026486 0.040105
2 0.369959 0.268469 0.036792 0.049438
3 0.639664 0.663566 0.719953 0.674006
4 0.676070 0.658784 0.645889 0.664442
5 0.703455 0.530635 0.594411 0.420645
6 0.723712 0.472594 0.553673 0.317062
7 0.755168 0.394740 0.488461 0.189480
9 0.770831 0.308365 0.191663 0.176105
2 0.587954 0.276448 0.085283 0.065395
2 0.509900 0.293531 0.060425 0.077687
2 0.426604 0.300209 0.062583 0.066042
2 0.328868 0.273177 0.026486 0.040105
2 0.369959 0.268469 0.036792 0.049438
3 0.639664 0.663566 0.719953 0.674006
4 0.676070 0.658784 0.645889 0.664442
5 0.703455 0.530635 0.594411 0.420645
6 0.723712 0.472594 0.553673 0.317062
7 0.755168 0.394740 0.488461 0.189480
9 0.770831 0.308365 0.191663 0.176105
2 0.587954 0.276448 0.085283 0.065395
2 0.509900 0.293531 0.060425 0.077687
2 0.426604 0.300209 0.062583 0.066042
2 0.328868 0.273177 0.026486 0.040105
2 0.369959 0.268469 0.036792 0.049438
