3 0.6396640625 0.663565625 0.719953125 0.6740062499999999
4 0.67606953125 0.65878359375 0.6458890625 0.6644421875
5 0.70345546875 0.53063515625 0.5944109375 0.42064531250000003
6 0.72371171875 0.47259375 0.5536734375 0.31706249999999997
7 0.75516796875 0.39473984375 0.4884609375 0.1894796875
2 0.5178421875 0.24939609375 0.057559375 0.0425421875
2 0.34474609375 0.23614609375 0.0582421875 0.05666718750000001
2 0.26935703125 0.22478125000000002 0.019964062499999997 0.0308125
2 0.24290703125 0.22515625 0.0264390625 0.0315625
3 0.6396640625 0.663565625 0.719953125 0.6740062499999999
4 0.67606953125 0.65878359375 0.6458890625 0.6644421875
5 0.70345546875 0.53063515625 0.5944109375 0.42064531250000003
6 0.72371171875 0.47259375 0.5536734375 0.31706249999999997
7 0.75516796875 0.39473984375 0.4884609375 0.1894796875
2 0.5178421875 0.24939609375 0.057559375 0.0425421875
2 0.34474609375 0.23614609375 0.0582421875 0.05666718750000001
2 0.26935703125 0.22478125000000002 0.019964062499999997 0.0308125
2 0.24290703125 0.22515625 0.0264390625 0.0315625
3 0.639664 0.663566 0.719953 0.674006
4 0.676070 0.658784 0.645889 0.664442
5 0.703455 0.530635 0.594411 0.420645
6 0.723712 0.472594 0.553673 0.317062
7 0.755168 0.394740 0.488461 0.189480
2 0.517842 0.249396 0.057559 0.042542
2 0.344746 0.236146 0.058242 0.056667
2 0.269357 0.224781 0.019964 0.030812
2 0.242907 0.225156 0.026439 0.031563
3 0.639664 0.663566 0.719953 0.674006
4 0.676070 0.658784 0.645889 0.664442
5 0.703455 0.530635 0.594411 0.420645
6 0.723712 0.472594 0.553673 0.317062
7 0.755168 0.394740 0.488461 0.189480
2 0.517842 0.249396 0.057559 0.042542
2 0.344746 0.236146 0.058242 0.056667
2 0.269357 0.224781 0.019964 0.030812
2 0.242907 0.225156 0.026439 0.031563
4 0.639664 0.663566 0.719953 0.674006
5 0.676070 0.658784 0.645889 0.664442
6 0.703455 0.530635 0.594411 0.420645
7 0.723712 0.472594 0.553673 0.317062
8 0.755168 0.394740 0.488461 0.189480
3 0.517842 0.249396 0.057559 0.042542
3 0.344746 0.236146 0.058242 0.056667
3 0.269357 0.224781 0.019964 0.030812
3 0.242907 0.225156 0.026439 0.031563
3 0.639664 0.663566 0.719953 0.674006
4 0.676070 0.658784 0.645889 0.664442
5 0.703455 0.530635 0.594411 0.420645
6 0.723712 0.472594 0.553673 0.317062
7 0.755168 0.394740 0.488461 0.189480
2 0.517842 0.249396 0.057559 0.042542
2 0.344746 0.236146 0.058242 0.056667
2 0.269357 0.224781 0.019964 0.030812
2 0.242907 0.225156 0.026439 0.031563
3 0.639664 0.663566 0.719953 0.674006
4 0.676070 0.658784 0.645889 0.664442
5 0.703455 0.530635 0.594411 0.420645
6 0.723712 0.472594 0.553673 0.317062
7 0.755168 0.394740 0.488461 0.189480
2 0.517842 0.249396 0.057559 0.042542
2 0.344746 0.236146 0.058242 0.056667
2 0.269357 0.224781 0.019964 0.030812
2 0.242907 0.225156 0.026439 0.031563
3 0.639664 0.663566 0.719953 0.674006
4 0.676070 0.658784 0.645889 0.664442
5 0.703455 0.530635 0.594411 0.420645
6 0.723712 0.472594 0.553673 0.317062
7 0.755168 0.394740 0.488461 0.189480
2 0.517842 0.249396 0.057559 0.042542
2 0.344746 0.236146 0.058242 0.056667
2 0.269357 0.224781 0.019964 0.030812
2 0.242907 0.225156 0.026439 0.031563
