3 0.6396640625 0.663565625 0.719953125 0.6740062499999999
4 0.67606953125 0.65878359375 0.6458890625 0.6644421875
5 0.70345546875 0.53063515625 0.5944109375 0.42064531250000003
6 0.72371171875 0.47455625 0.5536734375 0.31161249999999996
7 0.7510625 0.44572031249999994 0.499 0.235190625
2 0.969840625 0.28711484375 0.05530625 0.0523546875
2 0.41122031249999996 0.2984375 0.044315625 0.053125
2 0.490890625 0.29401015625 0.06303125000000001 0.0630203125
2 0.36066015625 0.2959375 0.0400703125 0.057499999999999996
2 0.08727578124999999 0.28942734375 0.0589265625 0.0476046875
2 0.29244140625 0.30003125 0.0411328125 0.050062499999999996
3 0.6396640625 0.663565625 0.719953125 0.6740062499999999
4 0.67606953125 0.65878359375 0.6458890625 0.6644421875
5 0.70345546875 0.53063515625 0.5944109375 0.42064531250000003
6 0.72371171875 0.47455625 0.5536734375 0.31161249999999996
7 0.7510625 0.44572031249999994 0.499 0.235190625
2 0.969840625 0.28711484375 0.05530625 0.0523546875
2 0.41122031249999996 0.2984375 0.044315625 0.053125
2 0.490890625 0.29401015625 0.06303125000000001 0.0630203125
2 0.36066015625 0.2959375 0.0400703125 0.057499999999999996
2 0.08727578124999999 0.28942734375 0.0589265625 0.0476046875
2 0.29244140625 0.30003125 0.0411328125 0.050062499999999996
3 0.639664 0.663566 0.719953 0.674006
4 0.676070 0.658784 0.645889 0.664442
5 0.703455 0.530635 0.594411 0.420645
6 0.723712 0.474556 0.553673 0.311612
7 0.751062 0.445720 0.499000 0.235191
2 0.969841 0.287115 0.055306 0.052355
2 0.411220 0.298438 0.044316 0.053125
2 0.490891 0.294010 0.063031 0.063020
2 0.360660 0.295938 0.040070 0.057500
2 0.087276 0.289427 0.058927 0.047605
2 0.292441 0.300031 0.041133 0.050062
3 0.639664 0.663566 0.719953 0.674006
4 0.676070 0.658784 0.645889 0.664442
5 0.703455 0.530635 0.594411 0.420645
6 0.723712 0.474556 0.553673 0.311612
7 0.751062 0.445720 0.499000 0.235191
2 0.969841 0.287115 0.055306 0.052355
2 0.411220 0.298438 0.044316 0.053125
2 0.490891 0.294010 0.063031 0.063020
2 0.360660 0.295938 0.040070 0.057500
2 0.087276 0.289427 0.058927 0.047605
2 0.292441 0.300031 0.041133 0.050062
4 0.639664 0.663566 0.719953 0.674006
5 0.676070 0.658784 0.645889 0.664442
6 0.703455 0.530635 0.594411 0.420645
7 0.723712 0.474556 0.553673 0.311612
8 0.751062 0.445720 0.499000 0.235191
3 0.969841 0.287115 0.055306 0.052355
3 0.411220 0.298438 0.044316 0.053125
3 0.490891 0.294010 0.063031 0.063020
3 0.360660 0.295938 0.040070 0.057500
3 0.087276 0.289427 0.058927 0.047605
3 0.292441 0.300031 0.041133 0.050062
3 0.639664 0.663566 0.719953 0.674006
4 0.676070 0.658784 0.645889 0.664442
5 0.703455 0.530635 0.594411 0.420645
6 0.723712 0.474556 0.553673 0.311612
7 0.751062 0.445720 0.499000 0.235191
2 0.969841 0.287115 0.055306 0.052355
2 0.411220 0.298438 0.044316 0.053125
2 0.490891 0.294010 0.063031 0.063020
2 0.360660 0.295938 0.040070 0.057500
2 0.087276 0.289427 0.058927 0.047605
2 0.292441 0.300031 0.041133 0.050062
3 0.639664 0.663566 0.719953 0.674006
4 0.676070 0.658784 0.645889 0.664442
5 0.703455 0.530635 0.594411 0.420645
6 0.723712 0.474556 0.553673 0.311612
7 0.751062 0.445720 0.499000 0.235191
2 0.969841 0.287115 0.055306 0.052355
2 0.411220 0.298438 0.044316 0.053125
2 0.490891 0.294010 0.063031 0.063020
2 0.360660 0.295938 0.040070 0.057500
2 0.087276 0.289427 0.058927 0.047605
2 0.292441 0.300031 0.041133 0.050062
3 0.639664 0.663566 0.719953 0.674006
4 0.676070 0.658784 0.645889 0.664442
5 0.703455 0.530635 0.594411 0.420645
6 0.723712 0.474556 0.553673 0.311612
7 0.751062 0.445720 0.499000 0.235191
2 0.969841 0.287115 0.055306 0.052355
2 0.411220 0.298438 0.044316 0.053125
2 0.490891 0.294010 0.063031 0.063020
2 0.360660 0.295938 0.040070 0.057500
2 0.087276 0.289427 0.058927 0.047605
2 0.292441 0.300031 0.041133 0.050062
