3 0.6396640625 0.663565625 0.719953125 0.6740062499999999
4 0.67606953125 0.65878359375 0.6458890625 0.6644421875
5 0.70345546875 0.53063515625 0.5944109375 0.42064531250000003
6 0.72371171875 0.47259375 0.5536734375 0.31706249999999997
7 0.75516796875 0.39473984375 0.4884609375 0.1894796875
2 0.7893515625 0.33821874999999996 0.172453125 0.2014375
2 0.95886171875 0.24712499999999998 0.08022343750000001 0.072375
9 0.3670578125 0.23943750000000003 0.090365625 0.15075
9 0.6200828125 0.3556875 0.302665625 0.330125
2 0.43072499999999997 0.25797890625000003 0.052075 0.06908281250000001
9 0.30345546875 0.2425 0.028785937499999997 0.06937499999999999
3 0.6396640625 0.663565625 0.719953125 0.6740062499999999
4 0.67606953125 0.65878359375 0.6458890625 0.6644421875
5 0.70345546875 0.53063515625 0.5944109375 0.42064531250000003
6 0.72371171875 0.47259375 0.5536734375 0.31706249999999997
7 0.75516796875 0.39473984375 0.4884609375 0.1894796875
2 0.7893515625 0.33821874999999996 0.172453125 0.2014375
2 0.95886171875 0.24712499999999998 0.08022343750000001 0.072375
9 0.3670578125 0.23943750000000003 0.090365625 0.15075
9 0.6200828125 0.3556875 0.302665625 0.330125
2 0.43072499999999997 0.25797890625000003 0.052075 0.06908281250000001
9 0.30345546875 0.2425 0.028785937499999997 0.06937499999999999
3 0.639664 0.663566 0.719953 0.674006
4 0.676070 0.658784 0.645889 0.664442
5 0.703455 0.530635 0.594411 0.420645
6 0.723712 0.472594 0.553673 0.317062
7 0.755168 0.394740 0.488461 0.189480
2 0.789352 0.338219 0.172453 0.201437
2 0.958862 0.247125 0.080223 0.072375
9 0.367058 0.239438 0.090366 0.150750
9 0.620083 0.355687 0.302666 0.330125
2 0.430725 0.257979 0.052075 0.069083
9 0.303455 0.242500 0.028786 0.069375
3 0.639664 0.663566 0.719953 0.674006
4 0.676070 0.658784 0.645889 0.664442
5 0.703455 0.530635 0.594411 0.420645
6 0.723712 0.472594 0.553673 0.317062
7 0.755168 0.394740 0.488461 0.189480
2 0.789352 0.338219 0.172453 0.201437
2 0.958862 0.247125 0.080223 0.072375
9 0.367058 0.239438 0.090366 0.150750
9 0.620083 0.355687 0.302666 0.330125
2 0.430725 0.257979 0.052075 0.069083
9 0.303455 0.242500 0.028786 0.069375
4 0.639664 0.663566 0.719953 0.674006
5 0.676070 0.658784 0.645889 0.664442
6 0.703455 0.530635 0.594411 0.420645
7 0.723712 0.472594 0.553673 0.317062
8 0.755168 0.394740 0.488461 0.189480
3 0.789352 0.338219 0.172453 0.201437
3 0.958862 0.247125 0.080223 0.072375
10 0.367058 0.239438 0.090366 0.150750
10 0.620083 0.355687 0.302666 0.330125
3 0.430725 0.257979 0.052075 0.069083
10 0.303455 0.242500 0.028786 0.069375
3 0.639664 0.663566 0.719953 0.674006
4 0.676070 0.658784 0.645889 0.664442
5 0.703455 0.530635 0.594411 0.420645
6 0.723712 0.472594 0.553673 0.317062
7 0.755168 0.394740 0.488461 0.189480
2 0.789352 0.338219 0.172453 0.201437
2 0.958862 0.247125 0.080223 0.072375
9 0.367058 0.239438 0.090366 0.150750
9 0.620083 0.355687 0.302666 0.330125
2 0.430725 0.257979 0.052075 0.069083
9 0.303455 0.242500 0.028786 0.069375
3 0.639664 0.663566 0.719953 0.674006
4 0.676070 0.658784 0.645889 0.664442
5 0.703455 0.530635 0.594411 0.420645
6 0.723712 0.472594 0.553673 0.317062
7 0.755168 0.394740 0.488461 0.189480
2 0.789352 0.338219 0.172453 0.201437
2 0.958862 0.247125 0.080223 0.072375
9 0.367058 0.239438 0.090366 0.150750
9 0.620083 0.355687 0.302666 0.330125
2 0.430725 0.257979 0.052075 0.069083
9 0.303455 0.242500 0.028786 0.069375
3 0.639664 0.663566 0.719953 0.674006
4 0.676070 0.658784 0.645889 0.664442
5 0.703455 0.530635 0.594411 0.420645
6 0.723712 0.472594 0.553673 0.317062
7 0.755168 0.394740 0.488461 0.189480
2 0.789352 0.338219 0.172453 0.201437
2 0.958862 0.247125 0.080223 0.072375
9 0.367058 0.239438 0.090366 0.150750
9 0.620083 0.355687 0.302666 0.330125
2 0.430725 0.257979 0.052075 0.069083
9 0.303455 0.242500 0.028786 0.069375
