3 0.6396640625 0.663565625 0.719953125 0.6740062499999999
4 0.67606953125 0.65878359375 0.6458890625 0.6644421875
5 0.70345546875 0.53063515625 0.5944109375 0.42064531250000003
6 0.72371171875 0.47259375 0.5536734375 0.31706249999999997
7 0.75516796875 0.39473984375 0.4884609375 0.1894796875
2 0.8458960937500001 0.27405234375 0.1167921875 0.07935468749999999
2 0.9344460937499999 0.36335390625 0.13139218749999998 0.1985828125
2 0.07884453124999999 0.25238515625 0.0608140625 0.042270312500000004
2 0.2798703125 0.27111484375 0.040990625 0.0484796875
9 0.41270625 0.26290625 0.0660375 0.060187500000000005
9 0.51806640625 0.2714375 0.0736328125 0.06787499999999999
9 0.362865625 0.26184375 0.04448125 0.0674375
0 0.33091953125 0.33026015625 0.036839062500000005 0.08864531249999999
9 0.70280078125 0.36520859375 0.0806015625 0.1085421875
2 0.16615 0.25592734375 0.03855 0.0399796875
2 0.6414328125 0.33944765625 0.173490625 0.15702031249999998
8 0.6383078125 0.45713515625 0.173490625 0.4048953125
9 0.57264140625 0.25798984375 0.0546578125 0.0472296875
3 0.6396640625 0.663565625 0.719953125 0.6740062499999999
4 0.67606953125 0.65878359375 0.6458890625 0.6644421875
5 0.70345546875 0.53063515625 0.5944109375 0.42064531250000003
6 0.72371171875 0.47259375 0.5536734375 0.31706249999999997
7 0.75516796875 0.39473984375 0.4884609375 0.1894796875
2 0.8458960937500001 0.27405234375 0.1167921875 0.07935468749999999
2 0.9344460937499999 0.36335390625 0.13139218749999998 0.1985828125
2 0.07884453124999999 0.25238515625 0.0608140625 0.042270312500000004
2 0.2798703125 0.27111484375 0.040990625 0.0484796875
9 0.41270625 0.26290625 0.0660375 0.060187500000000005
9 0.51806640625 0.2714375 0.0736328125 0.06787499999999999
9 0.362865625 0.26184375 0.04448125 0.0674375
0 0.33091953125 0.33026015625 0.036839062500000005 0.08864531249999999
9 0.70280078125 0.36520859375 0.0806015625 0.1085421875
2 0.16615 0.25592734375 0.03855 0.0399796875
2 0.6414328125 0.33944765625 0.173490625 0.15702031249999998
8 0.6383078125 0.45713515625 0.173490625 0.4048953125
9 0.57264140625 0.25798984375 0.0546578125 0.0472296875
3 0.639664 0.663566 0.719953 0.674006
4 0.676070 0.658784 0.645889 0.664442
5 0.703455 0.530635 0.594411 0.420645
6 0.723712 0.472594 0.553673 0.317062
7 0.755168 0.394740 0.488461 0.189480
2 0.845896 0.274052 0.116792 0.079355
2 0.934446 0.363354 0.131392 0.198583
2 0.078845 0.252385 0.060814 0.042270
2 0.279870 0.271115 0.040991 0.048480
9 0.412706 0.262906 0.066037 0.060188
9 0.518066 0.271437 0.073633 0.067875
9 0.362866 0.261844 0.044481 0.067437
0 0.330920 0.330260 0.036839 0.088645
9 0.702801 0.365209 0.080602 0.108542
2 0.166150 0.255927 0.038550 0.039980
2 0.641433 0.339448 0.173491 0.157020
8 0.638308 0.457135 0.173491 0.404895
9 0.572641 0.257990 0.054658 0.047230
3 0.639664 0.663566 0.719953 0.674006
4 0.676070 0.658784 0.645889 0.664442
5 0.703455 0.530635 0.594411 0.420645
6 0.723712 0.472594 0.553673 0.317062
7 0.755168 0.394740 0.488461 0.189480
2 0.845896 0.274052 0.116792 0.079355
2 0.934446 0.363354 0.131392 0.198583
2 0.078845 0.252385 0.060814 0.042270
2 0.279870 0.271115 0.040991 0.048480
9 0.412706 0.262906 0.066037 0.060188
9 0.518066 0.271437 0.073633 0.067875
9 0.362866 0.261844 0.044481 0.067437
0 0.330920 0.330260 0.036839 0.088645
9 0.702801 0.365209 0.080602 0.108542
2 0.166150 0.255927 0.038550 0.039980
2 0.641433 0.339448 0.173491 0.157020
8 0.638308 0.457135 0.173491 0.404895
9 0.572641 0.257990 0.054658 0.047230
4 0.639664 0.663566 0.719953 0.674006
5 0.676070 0.658784 0.645889 0.664442
6 0.703455 0.530635 0.594411 0.420645
7 0.723712 0.472594 0.553673 0.317062
8 0.755168 0.394740 0.488461 0.189480
3 0.845896 0.274052 0.116792 0.079355
3 0.934446 0.363354 0.131392 0.198583
3 0.078845 0.252385 0.060814 0.042270
3 0.279870 0.271115 0.040991 0.048480
10 0.412706 0.262906 0.066037 0.060188
10 0.518066 0.271437 0.073633 0.067875
10 0.362866 0.261844 0.044481 0.067437
1 0.330920 0.330260 0.036839 0.088645
10 0.702801 0.365209 0.080602 0.108542
3 0.166150 0.255927 0.038550 0.039980
3 0.641433 0.339448 0.173491 0.157020
9 0.638308 0.457135 0.173491 0.404895
10 0.572641 0.257990 0.054658 0.047230
3 0.639664 0.663566 0.719953 0.674006
4 0.676070 0.658784 0.645889 0.664442
5 0.703455 0.530635 0.594411 0.420645
6 0.723712 0.472594 0.553673 0.317062
7 0.755168 0.394740 0.488461 0.189480
2 0.845896 0.274052 0.116792 0.079355
2 0.934446 0.363354 0.131392 0.198583
2 0.078845 0.252385 0.060814 0.042270
2 0.279870 0.271115 0.040991 0.048480
9 0.412706 0.262906 0.066037 0.060188
9 0.518066 0.271437 0.073633 0.067875
9 0.362866 0.261844 0.044481 0.067437
0 0.330920 0.330260 0.036839 0.088645
9 0.702801 0.365209 0.080602 0.108542
2 0.166150 0.255927 0.038550 0.039980
2 0.641433 0.339448 0.173491 0.157020
8 0.638308 0.457135 0.173491 0.404895
9 0.572641 0.257990 0.054658 0.047230
3 0.639664 0.663566 0.719953 0.674006
4 0.676070 0.658784 0.645889 0.664442
5 0.703455 0.530635 0.594411 0.420645
6 0.723712 0.472594 0.553673 0.317062
7 0.755168 0.394740 0.488461 0.189480
2 0.845896 0.274052 0.116792 0.079355
2 0.934446 0.363354 0.131392 0.198583
2 0.078845 0.252385 0.060814 0.042270
2 0.279870 0.271115 0.040991 0.048480
9 0.412706 0.262906 0.066037 0.060188
9 0.518066 0.271437 0.073633 0.067875
9 0.362866 0.261844 0.044481 0.067437
0 0.330920 0.330260 0.036839 0.088645
9 0.702801 0.365209 0.080602 0.108542
2 0.166150 0.255927 0.038550 0.039980
2 0.641433 0.339448 0.173491 0.157020
8 0.638308 0.457135 0.173491 0.404895
9 0.572641 0.257990 0.054658 0.047230
3 0.639664 0.663566 0.719953 0.674006
4 0.676070 0.658784 0.645889 0.664442
5 0.703455 0.530635 0.594411 0.420645
6 0.723712 0.472594 0.553673 0.317062
7 0.755168 0.394740 0.488461 0.189480
2 0.845896 0.274052 0.116792 0.079355
2 0.934446 0.363354 0.131392 0.198583
2 0.078845 0.252385 0.060814 0.042270
2 0.279870 0.271115 0.040991 0.048480
9 0.412706 0.262906 0.066037 0.060188
9 0.518066 0.271437 0.073633 0.067875
9 0.362866 0.261844 0.044481 0.067437
0 0.330920 0.330260 0.036839 0.088645
9 0.702801 0.365209 0.080602 0.108542
2 0.166150 0.255927 0.038550 0.039980
2 0.641433 0.339448 0.173491 0.157020
8 0.638308 0.457135 0.173491 0.404895
9 0.572641 0.257990 0.054658 0.047230
