3 0.6396640625 0.663565625 0.719953125 0.6740062499999999
4 0.67606953125 0.65878359375 0.6458890625 0.6644421875
5 0.70345546875 0.53063515625 0.5944109375 0.42064531250000003
6 0.72371171875 0.47259375 0.5536734375 0.31706249999999997
7 0.75516796875 0.39473984375 0.4884609375 0.1894796875
2 0.3547109375 0.29229140625 0.081296875 0.0908328125
2 0.29261171875 0.2691875 0.050848437499999996 0.054000000000000006
2 0.68060703125 0.26963515625 0.0799640625 0.0736453125
0 0.43810703125000006 0.39221875 0.0574640625 0.1438125
2 0.537859375 0.26879140625 0.025718750000000002 0.0500828125
2 0.610678125 0.2723125 0.07448125 0.07275000000000001
2 0.58525390625 0.27089609375 0.0767578125 0.0730421875
2 0.4550296875 0.2685 0.038184375 0.037
3 0.6396640625 0.663565625 0.719953125 0.6740062499999999
4 0.67606953125 0.65878359375 0.6458890625 0.6644421875
5 0.70345546875 0.53063515625 0.5944109375 0.42064531250000003
6 0.72371171875 0.47259375 0.5536734375 0.31706249999999997
7 0.75516796875 0.39473984375 0.4884609375 0.1894796875
2 0.3547109375 0.29229140625 0.081296875 0.0908328125
2 0.29261171875 0.2691875 0.050848437499999996 0.054000000000000006
2 0.68060703125 0.26963515625 0.0799640625 0.0736453125
0 0.43810703125000006 0.39221875 0.0574640625 0.1438125
2 0.537859375 0.26879140625 0.025718750000000002 0.0500828125
2 0.610678125 0.2723125 0.07448125 0.07275000000000001
2 0.58525390625 0.27089609375 0.0767578125 0.0730421875
2 0.4550296875 0.2685 0.038184375 0.037
3 0.639664 0.663566 0.719953 0.674006
4 0.676070 0.658784 0.645889 0.664442
5 0.703455 0.530635 0.594411 0.420645
6 0.723712 0.472594 0.553673 0.317062
7 0.755168 0.394740 0.488461 0.189480
2 0.354711 0.292291 0.081297 0.090833
2 0.292612 0.269188 0.050848 0.054000
2 0.680607 0.269635 0.079964 0.073645
0 0.438107 0.392219 0.057464 0.143813
2 0.537859 0.268791 0.025719 0.050083
2 0.610678 0.272313 0.074481 0.072750
2 0.585254 0.270896 0.076758 0.073042
2 0.455030 0.268500 0.038184 0.037000
3 0.639664 0.663566 0.719953 0.674006
4 0.676070 0.658784 0.645889 0.664442
5 0.703455 0.530635 0.594411 0.420645
6 0.723712 0.472594 0.553673 0.317062
7 0.755168 0.394740 0.488461 0.189480
2 0.354711 0.292291 0.081297 0.090833
2 0.292612 0.269188 0.050848 0.054000
2 0.680607 0.269635 0.079964 0.073645
0 0.438107 0.392219 0.057464 0.143813
2 0.537859 0.268791 0.025719 0.050083
2 0.610678 0.272313 0.074481 0.072750
2 0.585254 0.270896 0.076758 0.073042
2 0.455030 0.268500 0.038184 0.037000
4 0.639664 0.663566 0.719953 0.674006
5 0.676070 0.658784 0.645889 0.664442
6 0.703455 0.530635 0.594411 0.420645
7 0.723712 0.472594 0.553673 0.317062
8 0.755168 0.394740 0.488461 0.189480
3 0.354711 0.292291 0.081297 0.090833
3 0.292612 0.269188 0.050848 0.054000
3 0.680607 0.269635 0.079964 0.073645
1 0.438107 0.392219 0.057464 0.143813
3 0.537859 0.268791 0.025719 0.050083
3 0.610678 0.272313 0.074481 0.072750
3 0.585254 0.270896 0.076758 0.073042
3 0.455030 0.268500 0.038184 0.037000
3 0.639664 0.663566 0.719953 0.674006
4 0.676070 0.658784 0.645889 0.664442
5 0.703455 0.530635 0.594411 0.420645
6 0.723712 0.472594 0.553673 0.317062
7 0.755168 0.394740 0.488461 0.189480
2 0.354711 0.292291 0.081297 0.090833
2 0.292612 0.269188 0.050848 0.054000
2 0.680607 0.269635 0.079964 0.073645
0 0.438107 0.392219 0.057464 0.143813
2 0.537859 0.268791 0.025719 0.050083
2 0.610678 0.272313 0.074481 0.072750
2 0.585254 0.270896 0.076758 0.073042
2 0.455030 0.268500 0.038184 0.037000
3 0.639664 0.663566 0.719953 0.674006
4 0.676070 0.658784 0.645889 0.664442
5 0.703455 0.530635 0.594411 0.420645
6 0.723712 0.472594 0.553673 0.317062
7 0.755168 0.394740 0.488461 0.189480
2 0.354711 0.292291 0.081297 0.090833
2 0.292612 0.269188 0.050848 0.054000
2 0.680607 0.269635 0.079964 0.073645
0 0.438107 0.392219 0.057464 0.143813
2 0.537859 0.268791 0.025719 0.050083
2 0.610678 0.272313 0.074481 0.072750
2 0.585254 0.270896 0.076758 0.073042
2 0.455030 0.268500 0.038184 0.037000
3 0.639664 0.663566 0.719953 0.674006
4 0.676070 0.658784 0.645889 0.664442
5 0.703455 0.530635 0.594411 0.420645
6 0.723712 0.472594 0.553673 0.317062
7 0.755168 0.394740 0.488461 0.189480
2 0.354711 0.292291 0.081297 0.090833
2 0.292612 0.269188 0.050848 0.054000
2 0.680607 0.269635 0.079964 0.073645
0 0.438107 0.392219 0.057464 0.143813
2 0.537859 0.268791 0.025719 0.050083
2 0.610678 0.272313 0.074481 0.072750
2 0.585254 0.270896 0.076758 0.073042
2 0.455030 0.268500 0.038184 0.037000
