3 0.6396640625 0.663565625 0.719953125 0.6740062499999999
4 0.67606953125 0.65878359375 0.6458890625 0.6644421875
5 0.70345546875 0.53063515625 0.5944109375 0.42064531250000003
6 0.72371171875 0.47259375 0.5536734375 0.31706249999999997
7 0.75516796875 0.39473984375 0.4884609375 0.1894796875
2 0.73334921875 0.29003125 0.21044843750000003 0.1988125
2 0.57228203125 0.31464609375 0.22581406249999997 0.22304218750000002
2 0.92378828125 0.25827109375 0.15382656249999999 0.21029218749999998
2 0.39035937499999995 0.21771875000000002 0.07134375 0.0885625
2 0.2767921875 0.21626015625 0.041084375 0.0418953125
2 0.312765625 0.20685390625000002 0.02553125 0.0387078125
2 0.4672703125 0.22129140625 0.050165625000000005 0.0644578125
2 0.344846875 0.20895859374999998 0.03344375 0.0522921875
2 0.24941640625 0.20836484375 0.0363328125 0.0417296875
3 0.6396640625 0.663565625 0.719953125 0.6740062499999999
4 0.67606953125 0.65878359375 0.6458890625 0.6644421875
5 0.70345546875 0.53063515625 0.5944109375 0.42064531250000003
6 0.72371171875 0.47259375 0.5536734375 0.31706249999999997
7 0.75516796875 0.39473984375 0.4884609375 0.1894796875
2 0.73334921875 0.29003125 0.21044843750000003 0.1988125
2 0.57228203125 0.31464609375 0.22581406249999997 0.22304218750000002
2 0.92378828125 0.25827109375 0.15382656249999999 0.21029218749999998
2 0.39035937499999995 0.21771875000000002 0.07134375 0.0885625
2 0.2767921875 0.21626015625 0.041084375 0.0418953125
2 0.312765625 0.20685390625000002 0.02553125 0.0387078125
2 0.4672703125 0.22129140625 0.050165625000000005 0.0644578125
2 0.344846875 0.20895859374999998 0.03344375 0.0522921875
2 0.24941640625 0.20836484375 0.0363328125 0.0417296875
3 0.639664 0.663566 0.719953 0.674006
4 0.676070 0.658784 0.645889 0.664442
5 0.703455 0.530635 0.594411 0.420645
6 0.723712 0.472594 0.553673 0.317062
7 0.755168 0.394740 0.488461 0.189480
2 0.733349 0.290031 0.210448 0.198813
2 0.572282 0.314646 0.225814 0.223042
2 0.923788 0.258271 0.153827 0.210292
2 0.390359 0.217719 0.071344 0.088563
2 0.276792 0.216260 0.041084 0.041895
2 0.312766 0.206854 0.025531 0.038708
2 0.467270 0.221291 0.050166 0.064458
2 0.344847 0.208959 0.033444 0.052292
2 0.249416 0.208365 0.036333 0.041730
3 0.639664 0.663566 0.719953 0.674006
4 0.676070 0.658784 0.645889 0.664442
5 0.703455 0.530635 0.594411 0.420645
6 0.723712 0.472594 0.553673 0.317062
7 0.755168 0.394740 0.488461 0.189480
2 0.733349 0.290031 0.210448 0.198813
2 0.572282 0.314646 0.225814 0.223042
2 0.923788 0.258271 0.153827 0.210292
2 0.390359 0.217719 0.071344 0.088563
2 0.276792 0.216260 0.041084 0.041895
2 0.312766 0.206854 0.025531 0.038708
2 0.467270 0.221291 0.050166 0.064458
2 0.344847 0.208959 0.033444 0.052292
2 0.249416 0.208365 0.036333 0.041730
4 0.639664 0.663566 0.719953 0.674006
5 0.676070 0.658784 0.645889 0.664442
6 0.703455 0.530635 0.594411 0.420645
7 0.723712 0.472594 0.553673 0.317062
8 0.755168 0.394740 0.488461 0.189480
3 0.733349 0.290031 0.210448 0.198813
3 0.572282 0.314646 0.225814 0.223042
3 0.923788 0.258271 0.153827 0.210292
3 0.390359 0.217719 0.071344 0.088563
3 0.276792 0.216260 0.041084 0.041895
3 0.312766 0.206854 0.025531 0.038708
3 0.467270 0.221291 0.050166 0.064458
3 0.344847 0.208959 0.033444 0.052292
3 0.249416 0.208365 0.036333 0.041730
3 0.639664 0.663566 0.719953 0.674006
4 0.676070 0.658784 0.645889 0.664442
5 0.703455 0.530635 0.594411 0.420645
6 0.723712 0.472594 0.553673 0.317062
7 0.755168 0.394740 0.488461 0.189480
2 0.733349 0.290031 0.210448 0.198813
2 0.572282 0.314646 0.225814 0.223042
2 0.923788 0.258271 0.153827 0.210292
2 0.390359 0.217719 0.071344 0.088563
2 0.276792 0.216260 0.041084 0.041895
2 0.312766 0.206854 0.025531 0.038708
2 0.467270 0.221291 0.050166 0.064458
2 0.344847 0.208959 0.033444 0.052292
2 0.249416 0.208365 0.036333 0.041730
3 0.639664 0.663566 0.719953 0.674006
4 0.676070 0.658784 0.645889 0.664442
5 0.703455 0.530635 0.594411 0.420645
6 0.723712 0.472594 0.553673 0.317062
7 0.755168 0.394740 0.488461 0.189480
2 0.733349 0.290031 0.210448 0.198813
2 0.572282 0.314646 0.225814 0.223042
2 0.923788 0.258271 0.153827 0.210292
2 0.390359 0.217719 0.071344 0.088563
2 0.276792 0.216260 0.041084 0.041895
2 0.312766 0.206854 0.025531 0.038708
2 0.467270 0.221291 0.050166 0.064458
2 0.344847 0.208959 0.033444 0.052292
2 0.249416 0.208365 0.036333 0.041730
3 0.639664 0.663566 0.719953 0.674006
4 0.676070 0.658784 0.645889 0.664442
5 0.703455 0.530635 0.594411 0.420645
6 0.723712 0.472594 0.553673 0.317062
7 0.755168 0.394740 0.488461 0.189480
2 0.733349 0.290031 0.210448 0.198813
2 0.572282 0.314646 0.225814 0.223042
2 0.923788 0.258271 0.153827 0.210292
2 0.390359 0.217719 0.071344 0.088563
2 0.276792 0.216260 0.041084 0.041895
2 0.312766 0.206854 0.025531 0.038708
2 0.467270 0.221291 0.050166 0.064458
2 0.344847 0.208959 0.033444 0.052292
2 0.249416 0.208365 0.036333 0.041730
