3 0.6396640625 0.663565625 0.719953125 0.6740062499999999
4 0.67606953125 0.65878359375 0.6458890625 0.6644421875
5 0.70345546875 0.53063515625 0.5944109375 0.42064531250000003
6 0.72371171875 0.47259375 0.5536734375 0.31706249999999997
7 0.75516796875 0.39473984375 0.4884609375 0.1894796875
2 0.37061328125 0.30173984374999996 0.1006015625 0.1253546875
2 0.5553359375 0.29358359375 0.091921875 0.08716718749999999
2 0.43341953125000005 0.2828125 0.0637140625 0.075
2 0.29808359375000004 0.26670859375 0.0617921875 0.0646671875
2 0.68882109375 0.32242734375 0.14014218750000002 0.14172968749999998
9 0.25347265625 0.24298984375 0.0319453125 0.07972968750000001
2 0.70399140625 0.23953125000000003 0.0642328125 0.0384375
3 0.6396640625 0.663565625 0.719953125 0.6740062499999999
4 0.67606953125 0.65878359375 0.6458890625 0.6644421875
5 0.70345546875 0.53063515625 0.5944109375 0.42064531250000003
6 0.72371171875 0.47259375 0.5536734375 0.31706249999999997
7 0.75516796875 0.39473984375 0.4884609375 0.1894796875
2 0.37061328125 0.30173984374999996 0.1006015625 0.1253546875
2 0.5553359375 0.29358359375 0.091921875 0.08716718749999999
2 0.43341953125000005 0.2828125 0.0637140625 0.075
2 0.29808359375000004 0.26670859375 0.0617921875 0.0646671875
2 0.68882109375 0.32242734375 0.14014218750000002 0.14172968749999998
9 0.25347265625 0.24298984375 0.0319453125 0.07972968750000001
2 0.70399140625 0.23953125000000003 0.0642328125 0.0384375
3 0.639664 0.663566 0.719953 0.674006
4 0.676070 0.658784 0.645889 0.664442
5 0.703455 0.530635 0.594411 0.420645
6 0.723712 0.472594 0.553673 0.317062
7 0.755168 0.394740 0.488461 0.189480
2 0.370613 0.301740 0.100602 0.125355
2 0.555336 0.293584 0.091922 0.087167
2 0.433420 0.282813 0.063714 0.075000
2 0.298084 0.266709 0.061792 0.064667
2 0.688821 0.322427 0.140142 0.141730
9 0.253473 0.242990 0.031945 0.079730
2 0.703991 0.239531 0.064233 0.038437
3 0.639664 0.663566 0.719953 0.674006
4 0.676070 0.658784 0.645889 0.664442
5 0.703455 0.530635 0.594411 0.420645
6 0.723712 0.472594 0.553673 0.317062
7 0.755168 0.394740 0.488461 0.189480
2 0.370613 0.301740 0.100602 0.125355
2 0.555336 0.293584 0.091922 0.087167
2 0.433420 0.282813 0.063714 0.075000
2 0.298084 0.266709 0.061792 0.064667
2 0.688821 0.322427 0.140142 0.141730
9 0.253473 0.242990 0.031945 0.079730
2 0.703991 0.239531 0.064233 0.038437
4 0.639664 0.663566 0.719953 0.674006
5 0.676070 0.658784 0.645889 0.664442
6 0.703455 0.530635 0.594411 0.420645
7 0.723712 0.472594 0.553673 0.317062
8 0.755168 0.394740 0.488461 0.189480
3 0.370613 0.301740 0.100602 0.125355
3 0.555336 0.293584 0.091922 0.087167
3 0.433420 0.282813 0.063714 0.075000
3 0.298084 0.266709 0.061792 0.064667
3 0.688821 0.322427 0.140142 0.141730
10 0.253473 0.242990 0.031945 0.079730
3 0.703991 0.239531 0.064233 0.038437
3 0.639664 0.663566 0.719953 0.674006
4 0.676070 0.658784 0.645889 0.664442
5 0.703455 0.530635 0.594411 0.420645
6 0.723712 0.472594 0.553673 0.317062
7 0.755168 0.394740 0.488461 0.189480
2 0.370613 0.301740 0.100602 0.125355
2 0.555336 0.293584 0.091922 0.087167
2 0.433420 0.282813 0.063714 0.075000
2 0.298084 0.266709 0.061792 0.064667
2 0.688821 0.322427 0.140142 0.141730
9 0.253473 0.242990 0.031945 0.079730
2 0.703991 0.239531 0.064233 0.038437
3 0.639664 0.663566 0.719953 0.674006
4 0.676070 0.658784 0.645889 0.664442
5 0.703455 0.530635 0.594411 0.420645
6 0.723712 0.472594 0.553673 0.317062
7 0.755168 0.394740 0.488461 0.189480
2 0.370613 0.301740 0.100602 0.125355
2 0.555336 0.293584 0.091922 0.087167
2 0.433420 0.282813 0.063714 0.075000
2 0.298084 0.266709 0.061792 0.064667
2 0.688821 0.322427 0.140142 0.141730
9 0.253473 0.242990 0.031945 0.079730
2 0.703991 0.239531 0.064233 0.038437
3 0.639664 0.663566 0.719953 0.674006
4 0.676070 0.658784 0.645889 0.664442
5 0.703455 0.530635 0.594411 0.420645
6 0.723712 0.472594 0.553673 0.317062
7 0.755168 0.394740 0.488461 0.189480
2 0.370613 0.301740 0.100602 0.125355
2 0.555336 0.293584 0.091922 0.087167
2 0.433420 0.282813 0.063714 0.075000
2 0.298084 0.266709 0.061792 0.064667
2 0.688821 0.322427 0.140142 0.141730
9 0.253473 0.242990 0.031945 0.079730
2 0.703991 0.239531 0.064233 0.038437
