3 0.6396640625 0.663565625 0.719953125 0.6740062499999999
4 0.67606953125 0.65878359375 0.6458890625 0.6644421875
5 0.70345546875 0.53063515625 0.5944109375 0.42064531250000003
6 0.72371171875 0.47259375 0.5536734375 0.31706249999999997
7 0.75516796875 0.39473984375 0.4884609375 0.1894796875
2 0.52270078125 0.32544765625 0.2172765625 0.21964531250000002
2 0.352453125 0.23475000000000001 0.09240625 0.12262500000000001
2 0.43350234375 0.22766640625 0.0795046875 0.0897078125
2 0.2532609375 0.21430234375 0.028396875 0.034854687499999995
2 0.6346695312499999 0.24329140625 0.0818390625 0.09908281249999999
2 0.06369140625 0.20866640625000002 0.061757812499999995 0.0485828125
2 0.15366171875 0.21451015624999997 0.041698437500000005 0.0321453125
3 0.6396640625 0.663565625 0.719953125 0.6740062499999999
4 0.67606953125 0.65878359375 0.6458890625 0.6644421875
5 0.70345546875 0.53063515625 0.5944109375 0.42064531250000003
6 0.72371171875 0.47259375 0.5536734375 0.31706249999999997
7 0.75516796875 0.39473984375 0.4884609375 0.1894796875
2 0.52270078125 0.32544765625 0.2172765625 0.21964531250000002
2 0.352453125 0.23475000000000001 0.09240625 0.12262500000000001
2 0.43350234375 0.22766640625 0.0795046875 0.0897078125
2 0.2532609375 0.21430234375 0.028396875 0.034854687499999995
2 0.6346695312499999 0.24329140625 0.0818390625 0.09908281249999999
2 0.06369140625 0.20866640625000002 0.061757812499999995 0.0485828125
2 0.15366171875 0.21451015624999997 0.041698437500000005 0.0321453125
3 0.639664 0.663566 0.719953 0.674006
4 0.676070 0.658784 0.645889 0.664442
5 0.703455 0.530635 0.594411 0.420645
6 0.723712 0.472594 0.553673 0.317062
7 0.755168 0.394740 0.488461 0.189480
2 0.522701 0.325448 0.217277 0.219645
2 0.352453 0.234750 0.092406 0.122625
2 0.433502 0.227666 0.079505 0.089708
2 0.253261 0.214302 0.028397 0.034855
2 0.634670 0.243291 0.081839 0.099083
2 0.063691 0.208666 0.061758 0.048583
2 0.153662 0.214510 0.041698 0.032145
3 0.639664 0.663566 0.719953 0.674006
4 0.676070 0.658784 0.645889 0.664442
5 0.703455 0.530635 0.594411 0.420645
6 0.723712 0.472594 0.553673 0.317062
7 0.755168 0.394740 0.488461 0.189480
2 0.522701 0.325448 0.217277 0.219645
2 0.352453 0.234750 0.092406 0.122625
2 0.433502 0.227666 0.079505 0.089708
2 0.253261 0.214302 0.028397 0.034855
2 0.634670 0.243291 0.081839 0.099083
2 0.063691 0.208666 0.061758 0.048583
2 0.153662 0.214510 0.041698 0.032145
4 0.639664 0.663566 0.719953 0.674006
5 0.676070 0.658784 0.645889 0.664442
6 0.703455 0.530635 0.594411 0.420645
7 0.723712 0.472594 0.553673 0.317062
8 0.755168 0.394740 0.488461 0.189480
3 0.522701 0.325448 0.217277 0.219645
3 0.352453 0.234750 0.092406 0.122625
3 0.433502 0.227666 0.079505 0.089708
3 0.253261 0.214302 0.028397 0.034855
3 0.634670 0.243291 0.081839 0.099083
3 0.063691 0.208666 0.061758 0.048583
3 0.153662 0.214510 0.041698 0.032145
3 0.639664 0.663566 0.719953 0.674006
4 0.676070 0.658784 0.645889 0.664442
5 0.703455 0.530635 0.594411 0.420645
6 0.723712 0.472594 0.553673 0.317062
7 0.755168 0.394740 0.488461 0.189480
2 0.522701 0.325448 0.217277 0.219645
2 0.352453 0.234750 0.092406 0.122625
2 0.433502 0.227666 0.079505 0.089708
2 0.253261 0.214302 0.028397 0.034855
2 0.634670 0.243291 0.081839 0.099083
2 0.063691 0.208666 0.061758 0.048583
2 0.153662 0.214510 0.041698 0.032145
3 0.639664 0.663566 0.719953 0.674006
4 0.676070 0.658784 0.645889 0.664442
5 0.703455 0.530635 0.594411 0.420645
6 0.723712 0.472594 0.553673 0.317062
7 0.755168 0.394740 0.488461 0.189480
2 0.522701 0.325448 0.217277 0.219645
2 0.352453 0.234750 0.092406 0.122625
2 0.433502 0.227666 0.079505 0.089708
2 0.253261 0.214302 0.028397 0.034855
2 0.634670 0.243291 0.081839 0.099083
2 0.063691 0.208666 0.061758 0.048583
2 0.153662 0.214510 0.041698 0.032145
3 0.639664 0.663566 0.719953 0.674006
4 0.676070 0.658784 0.645889 0.664442
5 0.703455 0.530635 0.594411 0.420645
6 0.723712 0.472594 0.553673 0.317062
7 0.755168 0.394740 0.488461 0.189480
2 0.522701 0.325448 0.217277 0.219645
2 0.352453 0.234750 0.092406 0.122625
2 0.433502 0.227666 0.079505 0.089708
2 0.253261 0.214302 0.028397 0.034855
2 0.634670 0.243291 0.081839 0.099083
2 0.063691 0.208666 0.061758 0.048583
2 0.153662 0.214510 0.041698 0.032145
