3 0.6396640625 0.663565625 0.719953125 0.6740062499999999
4 0.67606953125 0.65878359375 0.6458890625 0.6644421875
5 0.70345546875 0.53063515625 0.5944109375 0.42064531250000003
6 0.72371171875 0.47259375 0.5536734375 0.31706249999999997
7 0.75516796875 0.39473984375 0.4884609375 0.1894796875
2 0.59212265625 0.35882265625 0.2561203125 0.2551453125
2 0.8066093750000001 0.33880234375 0.25384375000000003 0.1807296875
2 0.41303671875000003 0.29767734375 0.0979484375 0.1297296875
2 0.9040390625000001 0.24982265625000002 0.08932812500000001 0.0465203125
2 0.30548359375 0.252625 0.0609671875 0.08025
2 0.67625 0.26584375 0.099375 0.0691875
2 0.23495859375 0.23173984375 0.0230421875 0.025979687499999998
2 0.7082484375 0.24761484375 0.047746875 0.0327296875
2 0.47283046874999995 0.253375 0.0612859375 0.059875
2 0.8163562499999999 0.24422890625 0.0327125 0.0165828125
8 0.8920109374999999 0.51195859375 0.093396875 0.21766718749999997
2 0.2580484375 0.21807265625 0.028596875 0.0423953125
3 0.6396640625 0.663565625 0.719953125 0.6740062499999999
4 0.67606953125 0.65878359375 0.6458890625 0.6644421875
5 0.70345546875 0.53063515625 0.5944109375 0.42064531250000003
6 0.72371171875 0.47259375 0.5536734375 0.31706249999999997
7 0.75516796875 0.39473984375 0.4884609375 0.1894796875
2 0.59212265625 0.35882265625 0.2561203125 0.2551453125
2 0.8066093750000001 0.33880234375 0.25384375000000003 0.1807296875
2 0.41303671875000003 0.29767734375 0.0979484375 0.1297296875
2 0.9040390625000001 0.24982265625000002 0.08932812500000001 0.0465203125
2 0.30548359375 0.252625 0.0609671875 0.08025
2 0.67625 0.26584375 0.099375 0.0691875
2 0.23495859375 0.23173984375 0.0230421875 0.025979687499999998
2 0.7082484375 0.24761484375 0.047746875 0.0327296875
2 0.47283046874999995 0.253375 0.0612859375 0.059875
2 0.8163562499999999 0.24422890625 0.0327125 0.0165828125
8 0.8920109374999999 0.51195859375 0.093396875 0.21766718749999997
2 0.2580484375 0.21807265625 0.028596875 0.0423953125
3 0.639664 0.663566 0.719953 0.674006
4 0.676070 0.658784 0.645889 0.664442
5 0.703455 0.530635 0.594411 0.420645
6 0.723712 0.472594 0.553673 0.317062
7 0.755168 0.394740 0.488461 0.189480
2 0.592123 0.358823 0.256120 0.255145
2 0.806609 0.338802 0.253844 0.180730
2 0.413037 0.297677 0.097948 0.129730
2 0.904039 0.249823 0.089328 0.046520
2 0.305484 0.252625 0.060967 0.080250
2 0.676250 0.265844 0.099375 0.069187
2 0.234959 0.231740 0.023042 0.025980
2 0.708248 0.247615 0.047747 0.032730
2 0.472830 0.253375 0.061286 0.059875
2 0.816356 0.244229 0.032712 0.016583
8 0.892011 0.511959 0.093397 0.217667
2 0.258048 0.218073 0.028597 0.042395
3 0.639664 0.663566 0.719953 0.674006
4 0.676070 0.658784 0.645889 0.664442
5 0.703455 0.530635 0.594411 0.420645
6 0.723712 0.472594 0.553673 0.317062
7 0.755168 0.394740 0.488461 0.189480
2 0.592123 0.358823 0.256120 0.255145
2 0.806609 0.338802 0.253844 0.180730
2 0.413037 0.297677 0.097948 0.129730
2 0.904039 0.249823 0.089328 0.046520
2 0.305484 0.252625 0.060967 0.080250
2 0.676250 0.265844 0.099375 0.069187
2 0.234959 0.231740 0.023042 0.025980
2 0.708248 0.247615 0.047747 0.032730
2 0.472830 0.253375 0.061286 0.059875
2 0.816356 0.244229 0.032712 0.016583
8 0.892011 0.511959 0.093397 0.217667
2 0.258048 0.218073 0.028597 0.042395
4 0.639664 0.663566 0.719953 0.674006
5 0.676070 0.658784 0.645889 0.664442
6 0.703455 0.530635 0.594411 0.420645
7 0.723712 0.472594 0.553673 0.317062
8 0.755168 0.394740 0.488461 0.189480
3 0.592123 0.358823 0.256120 0.255145
3 0.806609 0.338802 0.253844 0.180730
3 0.413037 0.297677 0.097948 0.129730
3 0.904039 0.249823 0.089328 0.046520
3 0.305484 0.252625 0.060967 0.080250
3 0.676250 0.265844 0.099375 0.069187
3 0.234959 0.231740 0.023042 0.025980
3 0.708248 0.247615 0.047747 0.032730
3 0.472830 0.253375 0.061286 0.059875
3 0.816356 0.244229 0.032712 0.016583
9 0.892011 0.511959 0.093397 0.217667
3 0.258048 0.218073 0.028597 0.042395
3 0.639664 0.663566 0.719953 0.674006
4 0.676070 0.658784 0.645889 0.664442
5 0.703455 0.530635 0.594411 0.420645
6 0.723712 0.472594 0.553673 0.317062
7 0.755168 0.394740 0.488461 0.189480
2 0.592123 0.358823 0.256120 0.255145
2 0.806609 0.338802 0.253844 0.180730
2 0.413037 0.297677 0.097948 0.129730
2 0.904039 0.249823 0.089328 0.046520
2 0.305484 0.252625 0.060967 0.080250
2 0.676250 0.265844 0.099375 0.069187
2 0.234959 0.231740 0.023042 0.025980
2 0.708248 0.247615 0.047747 0.032730
2 0.472830 0.253375 0.061286 0.059875
2 0.816356 0.244229 0.032712 0.016583
8 0.892011 0.511959 0.093397 0.217667
2 0.258048 0.218073 0.028597 0.042395
3 0.639664 0.663566 0.719953 0.674006
4 0.676070 0.658784 0.645889 0.664442
5 0.703455 0.530635 0.594411 0.420645
6 0.723712 0.472594 0.553673 0.317062
7 0.755168 0.394740 0.488461 0.189480
2 0.592123 0.358823 0.256120 0.255145
2 0.806609 0.338802 0.253844 0.180730
2 0.413037 0.297677 0.097948 0.129730
2 0.904039 0.249823 0.089328 0.046520
2 0.305484 0.252625 0.060967 0.080250
2 0.676250 0.265844 0.099375 0.069187
2 0.234959 0.231740 0.023042 0.025980
2 0.708248 0.247615 0.047747 0.032730
2 0.472830 0.253375 0.061286 0.059875
2 0.816356 0.244229 0.032712 0.016583
8 0.892011 0.511959 0.093397 0.217667
2 0.258048 0.218073 0.028597 0.042395
3 0.639664 0.663566 0.719953 0.674006
4 0.676070 0.658784 0.645889 0.664442
5 0.703455 0.530635 0.594411 0.420645
6 0.723712 0.472594 0.553673 0.317062
7 0.755168 0.394740 0.488461 0.189480
2 0.592123 0.358823 0.256120 0.255145
2 0.806609 0.338802 0.253844 0.180730
2 0.413037 0.297677 0.097948 0.129730
2 0.904039 0.249823 0.089328 0.046520
2 0.305484 0.252625 0.060967 0.080250
2 0.676250 0.265844 0.099375 0.069187
2 0.234959 0.231740 0.023042 0.025980
2 0.708248 0.247615 0.047747 0.032730
2 0.472830 0.253375 0.061286 0.059875
2 0.816356 0.244229 0.032712 0.016583
8 0.892011 0.511959 0.093397 0.217667
2 0.258048 0.218073 0.028597 0.042395
