3 0.6396640625 0.663565625 0.719953125 0.6740062499999999
4 0.67606953125 0.65878359375 0.6458890625 0.6644421875
5 0.70345546875 0.53063515625 0.5944109375 0.42064531250000003
6 0.72371171875 0.47259375 0.5536734375 0.31706249999999997
7 0.75516796875 0.39473984375 0.4884609375 0.1894796875
2 0.36742890624999996 0.26547890625 0.10048281249999999 0.1340828125
2 0.48551874999999994 0.277125 0.0991625 0.098
2 0.2349703125 0.22971875000000003 0.029315625 0.028187499999999997
2 0.30172187500000003 0.24325000000000002 0.04719375 0.083375
2 0.67658046875 0.2710625 0.1344109375 0.142125
2 0.5561734375 0.26203125 0.043596875 0.0521875
2 0.77928046875 0.32981249999999995 0.2491859375 0.20024999999999998
2 0.43270625 0.24792734374999997 0.0341625 0.061479687500000005
3 0.6396640625 0.663565625 0.719953125 0.6740062499999999
4 0.67606953125 0.65878359375 0.6458890625 0.6644421875
5 0.70345546875 0.53063515625 0.5944109375 0.42064531250000003
6 0.72371171875 0.47259375 0.5536734375 0.31706249999999997
7 0.75516796875 0.39473984375 0.4884609375 0.1894796875
2 0.36742890624999996 0.26547890625 0.10048281249999999 0.1340828125
2 0.48551874999999994 0.277125 0.0991625 0.098
2 0.2349703125 0.22971875000000003 0.029315625 0.028187499999999997
2 0.30172187500000003 0.24325000000000002 0.04719375 0.083375
2 0.67658046875 0.2710625 0.1344109375 0.142125
2 0.5561734375 0.26203125 0.043596875 0.0521875
2 0.77928046875 0.32981249999999995 0.2491859375 0.20024999999999998
2 0.43270625 0.24792734374999997 0.0341625 0.061479687500000005
3 0.639664 0.663566 0.719953 0.674006
4 0.676070 0.658784 0.645889 0.664442
5 0.703455 0.530635 0.594411 0.420645
6 0.723712 0.472594 0.553673 0.317062
7 0.755168 0.394740 0.488461 0.189480
2 0.367429 0.265479 0.100483 0.134083
2 0.485519 0.277125 0.099163 0.098000
2 0.234970 0.229719 0.029316 0.028187
2 0.301722 0.243250 0.047194 0.083375
2 0.676580 0.271062 0.134411 0.142125
2 0.556173 0.262031 0.043597 0.052187
2 0.779280 0.329812 0.249186 0.200250
2 0.432706 0.247927 0.034162 0.061480
3 0.639664 0.663566 0.719953 0.674006
4 0.676070 0.658784 0.645889 0.664442
5 0.703455 0.530635 0.594411 0.420645
6 0.723712 0.472594 0.553673 0.317062
7 0.755168 0.394740 0.488461 0.189480
2 0.367429 0.265479 0.100483 0.134083
2 0.485519 0.277125 0.099163 0.098000
2 0.234970 0.229719 0.029316 0.028187
2 0.301722 0.243250 0.047194 0.083375
2 0.676580 0.271062 0.134411 0.142125
2 0.556173 0.262031 0.043597 0.052187
2 0.779280 0.329812 0.249186 0.200250
2 0.432706 0.247927 0.034162 0.061480
4 0.639664 0.663566 0.719953 0.674006
5 0.676070 0.658784 0.645889 0.664442
6 0.703455 0.530635 0.594411 0.420645
7 0.723712 0.472594 0.553673 0.317062
8 0.755168 0.394740 0.488461 0.189480
3 0.367429 0.265479 0.100483 0.134083
3 0.485519 0.277125 0.099163 0.098000
3 0.234970 0.229719 0.029316 0.028187
3 0.301722 0.243250 0.047194 0.083375
3 0.676580 0.271062 0.134411 0.142125
3 0.556173 0.262031 0.043597 0.052187
3 0.779280 0.329812 0.249186 0.200250
3 0.432706 0.247927 0.034162 0.061480
3 0.639664 0.663566 0.719953 0.674006
4 0.676070 0.658784 0.645889 0.664442
5 0.703455 0.530635 0.594411 0.420645
6 0.723712 0.472594 0.553673 0.317062
7 0.755168 0.394740 0.488461 0.189480
2 0.367429 0.265479 0.100483 0.134083
2 0.485519 0.277125 0.099163 0.098000
2 0.234970 0.229719 0.029316 0.028187
2 0.301722 0.243250 0.047194 0.083375
2 0.676580 0.271062 0.134411 0.142125
2 0.556173 0.262031 0.043597 0.052187
2 0.779280 0.329812 0.249186 0.200250
2 0.432706 0.247927 0.034162 0.061480
3 0.639664 0.663566 0.719953 0.674006
4 0.676070 0.658784 0.645889 0.664442
5 0.703455 0.530635 0.594411 0.420645
6 0.723712 0.472594 0.553673 0.317062
7 0.755168 0.394740 0.488461 0.189480
2 0.367429 0.265479 0.100483 0.134083
2 0.485519 0.277125 0.099163 0.098000
2 0.234970 0.229719 0.029316 0.028187
2 0.301722 0.243250 0.047194 0.083375
2 0.676580 0.271062 0.134411 0.142125
2 0.556173 0.262031 0.043597 0.052187
2 0.779280 0.329812 0.249186 0.200250
2 0.432706 0.247927 0.034162 0.061480
3 0.639664 0.663566 0.719953 0.674006
4 0.676070 0.658784 0.645889 0.664442
5 0.703455 0.530635 0.594411 0.420645
6 0.723712 0.472594 0.553673 0.317062
7 0.755168 0.394740 0.488461 0.189480
2 0.367429 0.265479 0.100483 0.134083
2 0.485519 0.277125 0.099163 0.098000
2 0.234970 0.229719 0.029316 0.028187
2 0.301722 0.243250 0.047194 0.083375
2 0.676580 0.271062 0.134411 0.142125
2 0.556173 0.262031 0.043597 0.052187
2 0.779280 0.329812 0.249186 0.200250
2 0.432706 0.247927 0.034162 0.061480
