3 0.6396640625 0.663565625 0.719953125 0.6740062499999999
4 0.67606953125 0.65878359375 0.6458890625 0.6644421875
5 0.70345546875 0.53063515625 0.5944109375 0.42064531250000003
6 0.72371171875 0.47259375 0.5536734375 0.31706249999999997
7 0.75516796875 0.39473984375 0.4884609375 0.1894796875
9 0.43046562499999996 0.31966640625 0.13905625 0.13933281250000001
9 0.73514765625 0.27945859375 0.1327953125 0.0839171875
9 0.8520046875 0.27541640625 0.116509375 0.0789578125
9 0.30204609375 0.27076015625 0.0572171875 0.0696453125
2 0.5861203125000001 0.2798125 0.072240625 0.044
2 0.35633828125 0.2654375 0.0439265625 0.059
2 0.2595578125 0.26588515625 0.019115625 0.0348953125
2 0.49489374999999997 0.27321875 0.0335375 0.0370625
2 0.47215234375000004 0.27240625 0.0349296875 0.0479375
2 0.23354375 0.25613515625 0.0233375 0.034145312500000004
2 0.26367890625 0.26048984375 0.0304828125 0.0428546875
2 0.6488859375 0.26716640625 0.038396875000000004 0.040582812499999996
2 0.5016093749999999 0.25386484375 0.037593749999999995 0.035854687499999996
2 0.46032421875 0.26708359375 0.05502343750000001 0.059167187499999996
3 0.6396640625 0.663565625 0.719953125 0.6740062499999999
4 0.67606953125 0.65878359375 0.6458890625 0.6644421875
5 0.70345546875 0.53063515625 0.5944109375 0.42064531250000003
6 0.72371171875 0.47259375 0.5536734375 0.31706249999999997
7 0.75516796875 0.39473984375 0.4884609375 0.1894796875
9 0.43046562499999996 0.31966640625 0.13905625 0.13933281250000001
9 0.73514765625 0.27945859375 0.1327953125 0.0839171875
9 0.8520046875 0.27541640625 0.116509375 0.0789578125
9 0.30204609375 0.27076015625 0.0572171875 0.0696453125
2 0.5861203125000001 0.2798125 0.072240625 0.044
2 0.35633828125 0.2654375 0.0439265625 0.059
2 0.2595578125 0.26588515625 0.019115625 0.0348953125
2 0.49489374999999997 0.27321875 0.0335375 0.0370625
2 0.47215234375000004 0.27240625 0.0349296875 0.0479375
2 0.23354375 0.25613515625 0.0233375 0.034145312500000004
2 0.26367890625 0.26048984375 0.0304828125 0.0428546875
2 0.6488859375 0.26716640625 0.038396875000000004 0.040582812499999996
2 0.5016093749999999 0.25386484375 0.037593749999999995 0.035854687499999996
2 0.46032421875 0.26708359375 0.05502343750000001 0.059167187499999996
3 0.639664 0.663566 0.719953 0.674006
4 0.676070 0.658784 0.645889 0.664442
5 0.703455 0.530635 0.594411 0.420645
6 0.723712 0.472594 0.553673 0.317062
7 0.755168 0.394740 0.488461 0.189480
9 0.430466 0.319666 0.139056 0.139333
9 0.735148 0.279459 0.132795 0.083917
9 0.852005 0.275416 0.116509 0.078958
9 0.302046 0.270760 0.057217 0.069645
2 0.586120 0.279813 0.072241 0.044000
2 0.356338 0.265437 0.043927 0.059000
2 0.259558 0.265885 0.019116 0.034895
2 0.494894 0.273219 0.033537 0.037062
2 0.472152 0.272406 0.034930 0.047938
2 0.233544 0.256135 0.023338 0.034145
2 0.263679 0.260490 0.030483 0.042855
2 0.648886 0.267166 0.038397 0.040583
2 0.501609 0.253865 0.037594 0.035855
2 0.460324 0.267084 0.055023 0.059167
3 0.639664 0.663566 0.719953 0.674006
4 0.676070 0.658784 0.645889 0.664442
5 0.703455 0.530635 0.594411 0.420645
6 0.723712 0.472594 0.553673 0.317062
7 0.755168 0.394740 0.488461 0.189480
9 0.430466 0.319666 0.139056 0.139333
9 0.735148 0.279459 0.132795 0.083917
9 0.852005 0.275416 0.116509 0.078958
9 0.302046 0.270760 0.057217 0.069645
2 0.586120 0.279813 0.072241 0.044000
2 0.356338 0.265437 0.043927 0.059000
2 0.259558 0.265885 0.019116 0.034895
2 0.494894 0.273219 0.033537 0.037062
2 0.472152 0.272406 0.034930 0.047938
2 0.233544 0.256135 0.023338 0.034145
2 0.263679 0.260490 0.030483 0.042855
2 0.648886 0.267166 0.038397 0.040583
2 0.501609 0.253865 0.037594 0.035855
2 0.460324 0.267084 0.055023 0.059167
4 0.639664 0.663566 0.719953 0.674006
5 0.676070 0.658784 0.645889 0.664442
6 0.703455 0.530635 0.594411 0.420645
7 0.723712 0.472594 0.553673 0.317062
8 0.755168 0.394740 0.488461 0.189480
10 0.430466 0.319666 0.139056 0.139333
10 0.735148 0.279459 0.132795 0.083917
10 0.852005 0.275416 0.116509 0.078958
10 0.302046 0.270760 0.057217 0.069645
3 0.586120 0.279813 0.072241 0.044000
3 0.356338 0.265437 0.043927 0.059000
3 0.259558 0.265885 0.019116 0.034895
3 0.494894 0.273219 0.033537 0.037062
3 0.472152 0.272406 0.034930 0.047938
3 0.233544 0.256135 0.023338 0.034145
3 0.263679 0.260490 0.030483 0.042855
3 0.648886 0.267166 0.038397 0.040583
3 0.501609 0.253865 0.037594 0.035855
3 0.460324 0.267084 0.055023 0.059167
3 0.639664 0.663566 0.719953 0.674006
4 0.676070 0.658784 0.645889 0.664442
5 0.703455 0.530635 0.594411 0.420645
6 0.723712 0.472594 0.553673 0.317062
7 0.755168 0.394740 0.488461 0.189480
9 0.430466 0.319666 0.139056 0.139333
9 0.735148 0.279459 0.132795 0.083917
9 0.852005 0.275416 0.116509 0.078958
9 0.302046 0.270760 0.057217 0.069645
2 0.586120 0.279813 0.072241 0.044000
2 0.356338 0.265437 0.043927 0.059000
2 0.259558 0.265885 0.019116 0.034895
2 0.494894 0.273219 0.033537 0.037062
2 0.472152 0.272406 0.034930 0.047938
2 0.233544 0.256135 0.023338 0.034145
2 0.263679 0.260490 0.030483 0.042855
2 0.648886 0.267166 0.038397 0.040583
2 0.501609 0.253865 0.037594 0.035855
2 0.460324 0.267084 0.055023 0.059167
3 0.639664 0.663566 0.719953 0.674006
4 0.676070 0.658784 0.645889 0.664442
5 0.703455 0.530635 0.594411 0.420645
6 0.723712 0.472594 0.553673 0.317062
7 0.755168 0.394740 0.488461 0.189480
9 0.430466 0.319666 0.139056 0.139333
9 0.735148 0.279459 0.132795 0.083917
9 0.852005 0.275416 0.116509 0.078958
9 0.302046 0.270760 0.057217 0.069645
2 0.586120 0.279813 0.072241 0.044000
2 0.356338 0.265437 0.043927 0.059000
2 0.259558 0.265885 0.019116 0.034895
2 0.494894 0.273219 0.033537 0.037062
2 0.472152 0.272406 0.034930 0.047938
2 0.233544 0.256135 0.023338 0.034145
2 0.263679 0.260490 0.030483 0.042855
2 0.648886 0.267166 0.038397 0.040583
2 0.501609 0.253865 0.037594 0.035855
2 0.460324 0.267084 0.055023 0.059167
3 0.639664 0.663566 0.719953 0.674006
4 0.676070 0.658784 0.645889 0.664442
5 0.703455 0.530635 0.594411 0.420645
6 0.723712 0.472594 0.553673 0.317062
7 0.755168 0.394740 0.488461 0.189480
9 0.430466 0.319666 0.139056 0.139333
9 0.735148 0.279459 0.132795 0.083917
9 0.852005 0.275416 0.116509 0.078958
9 0.302046 0.270760 0.057217 0.069645
2 0.586120 0.279813 0.072241 0.044000
2 0.356338 0.265437 0.043927 0.059000
2 0.259558 0.265885 0.019116 0.034895
2 0.494894 0.273219 0.033537 0.037062
2 0.472152 0.272406 0.034930 0.047938
2 0.233544 0.256135 0.023338 0.034145
2 0.263679 0.260490 0.030483 0.042855
2 0.648886 0.267166 0.038397 0.040583
2 0.501609 0.253865 0.037594 0.035855
2 0.460324 0.267084 0.055023 0.059167
