3 0.6396640625 0.663565625 0.719953125 0.6740062499999999
4 0.67606953125 0.65878359375 0.6458890625 0.6644421875
5 0.70345546875 0.53063515625 0.5944109375 0.42064531250000003
6 0.72371171875 0.47259375 0.5536734375 0.31706249999999997
7 0.75516796875 0.39473984375 0.4884609375 0.1894796875
2 0.8521046875 0.26678125 0.188584375 0.1460625
2 0.5176828125 0.25907265625 0.157240625 0.1712703125
2 0.3058546875 0.23234375 0.052334375 0.0678125
2 0.59501796875 0.24413515624999998 0.0619109375 0.09452031250000001
2 0.39120859375 0.224625 0.0574171875 0.083625
2 0.3441859375 0.2228125 0.032121875 0.042499999999999996
2 0.27005859375 0.22155234375 0.0307421875 0.0462296875
3 0.6396640625 0.663565625 0.719953125 0.6740062499999999
4 0.67606953125 0.65878359375 0.6458890625 0.6644421875
5 0.70345546875 0.53063515625 0.5944109375 0.42064531250000003
6 0.72371171875 0.47259375 0.5536734375 0.31706249999999997
7 0.75516796875 0.39473984375 0.4884609375 0.1894796875
2 0.8521046875 0.26678125 0.188584375 0.1460625
2 0.5176828125 0.25907265625 0.157240625 0.1712703125
2 0.3058546875 0.23234375 0.052334375 0.0678125
2 0.59501796875 0.24413515624999998 0.0619109375 0.09452031250000001
2 0.39120859375 0.224625 0.0574171875 0.083625
2 0.3441859375 0.2228125 0.032121875 0.042499999999999996
2 0.27005859375 0.22155234375 0.0307421875 0.0462296875
3 0.639664 0.663566 0.719953 0.674006
4 0.676070 0.658784 0.645889 0.664442
5 0.703455 0.530635 0.594411 0.420645
6 0.723712 0.472594 0.553673 0.317062
7 0.755168 0.394740 0.488461 0.189480
2 0.852105 0.266781 0.188584 0.146063
2 0.517683 0.259073 0.157241 0.171270
2 0.305855 0.232344 0.052334 0.067812
2 0.595018 0.244135 0.061911 0.094520
2 0.391209 0.224625 0.057417 0.083625
2 0.344186 0.222812 0.032122 0.042500
2 0.270059 0.221552 0.030742 0.046230
3 0.639664 0.663566 0.719953 0.674006
4 0.676070 0.658784 0.645889 0.664442
5 0.703455 0.530635 0.594411 0.420645
6 0.723712 0.472594 0.553673 0.317062
7 0.755168 0.394740 0.488461 0.189480
2 0.852105 0.266781 0.188584 0.146063
2 0.517683 0.259073 0.157241 0.171270
2 0.305855 0.232344 0.052334 0.067812
2 0.595018 0.244135 0.061911 0.094520
2 0.391209 0.224625 0.057417 0.083625
2 0.344186 0.222812 0.032122 0.042500
2 0.270059 0.221552 0.030742 0.046230
4 0.639664 0.663566 0.719953 0.674006
5 0.676070 0.658784 0.645889 0.664442
6 0.703455 0.530635 0.594411 0.420645
7 0.723712 0.472594 0.553673 0.317062
8 0.755168 0.394740 0.488461 0.189480
3 0.852105 0.266781 0.188584 0.146063
3 0.517683 0.259073 0.157241 0.171270
3 0.305855 0.232344 0.052334 0.067812
3 0.595018 0.244135 0.061911 0.094520
3 0.391209 0.224625 0.057417 0.083625
3 0.344186 0.222812 0.032122 0.042500
3 0.270059 0.221552 0.030742 0.046230
3 0.639664 0.663566 0.719953 0.674006
4 0.676070 0.658784 0.645889 0.664442
5 0.703455 0.530635 0.594411 0.420645
6 0.723712 0.472594 0.553673 0.317062
7 0.755168 0.394740 0.488461 0.189480
2 0.852105 0.266781 0.188584 0.146063
2 0.517683 0.259073 0.157241 0.171270
2 0.305855 0.232344 0.052334 0.067812
2 0.595018 0.244135 0.061911 0.094520
2 0.391209 0.224625 0.057417 0.083625
2 0.344186 0.222812 0.032122 0.042500
2 0.270059 0.221552 0.030742 0.046230
3 0.639664 0.663566 0.719953 0.674006
4 0.676070 0.658784 0.645889 0.664442
5 0.703455 0.530635 0.594411 0.420645
6 0.723712 0.472594 0.553673 0.317062
7 0.755168 0.394740 0.488461 0.189480
2 0.852105 0.266781 0.188584 0.146063
2 0.517683 0.259073 0.157241 0.171270
2 0.305855 0.232344 0.052334 0.067812
2 0.595018 0.244135 0.061911 0.094520
2 0.391209 0.224625 0.057417 0.083625
2 0.344186 0.222812 0.032122 0.042500
2 0.270059 0.221552 0.030742 0.046230
3 0.639664 0.663566 0.719953 0.674006
4 0.676070 0.658784 0.645889 0.664442
5 0.703455 0.530635 0.594411 0.420645
6 0.723712 0.472594 0.553673 0.317062
7 0.755168 0.394740 0.488461 0.189480
2 0.852105 0.266781 0.188584 0.146063
2 0.517683 0.259073 0.157241 0.171270
2 0.305855 0.232344 0.052334 0.067812
2 0.595018 0.244135 0.061911 0.094520
2 0.391209 0.224625 0.057417 0.083625
2 0.344186 0.222812 0.032122 0.042500
2 0.270059 0.221552 0.030742 0.046230
