3 0.6396640625 0.663565625 0.719953125 0.6740062499999999
4 0.67606953125 0.65878359375 0.6458890625 0.6644421875
5 0.70345546875 0.53063515625 0.5944109375 0.42064531250000003
6 0.72371171875 0.47259375 0.5536734375 0.31706249999999997
7 0.75516796875 0.39473984375 0.4884609375 0.1894796875
2 0.60201640625 0.36908359375 0.2665328125 0.2569171875
2 0.8840859375000001 0.33917734374999997 0.230671875 0.2252296875
2 0.31801875 0.24079140625 0.0516625 0.0440828125
2 0.24098437499999997 0.22688515625 0.022593750000000003 0.0256453125
2 0.15189296875 0.22675 0.028785937499999997 0.02225
2 0.062210937499999994 0.23351015625000002 0.055671875 0.042020312500000004
2 0.49194609375000004 0.25014609375 0.0432671875 0.037792187500000005
3 0.6396640625 0.663565625 0.719953125 0.6740062499999999
4 0.67606953125 0.65878359375 0.6458890625 0.6644421875
5 0.70345546875 0.53063515625 0.5944109375 0.42064531250000003
6 0.72371171875 0.47259375 0.5536734375 0.31706249999999997
7 0.75516796875 0.39473984375 0.4884609375 0.1894796875
2 0.60201640625 0.36908359375 0.2665328125 0.2569171875
2 0.8840859375000001 0.33917734374999997 0.230671875 0.2252296875
2 0.31801875 0.24079140625 0.0516625 0.0440828125
2 0.24098437499999997 0.22688515625 0.022593750000000003 0.0256453125
2 0.15189296875 0.22675 0.028785937499999997 0.02225
2 0.062210937499999994 0.23351015625000002 0.055671875 0.042020312500000004
2 0.49194609375000004 0.25014609375 0.0432671875 0.037792187500000005
3 0.639664 0.663566 0.719953 0.674006
4 0.676070 0.658784 0.645889 0.664442
5 0.703455 0.530635 0.594411 0.420645
6 0.723712 0.472594 0.553673 0.317062
7 0.755168 0.394740 0.488461 0.189480
2 0.602016 0.369084 0.266533 0.256917
2 0.884086 0.339177 0.230672 0.225230
2 0.318019 0.240791 0.051663 0.044083
2 0.240984 0.226885 0.022594 0.025645
2 0.151893 0.226750 0.028786 0.022250
2 0.062211 0.233510 0.055672 0.042020
2 0.491946 0.250146 0.043267 0.037792
3 0.639664 0.663566 0.719953 0.674006
4 0.676070 0.658784 0.645889 0.664442
5 0.703455 0.530635 0.594411 0.420645
6 0.723712 0.472594 0.553673 0.317062
7 0.755168 0.394740 0.488461 0.189480
2 0.602016 0.369084 0.266533 0.256917
2 0.884086 0.339177 0.230672 0.225230
2 0.318019 0.240791 0.051663 0.044083
2 0.240984 0.226885 0.022594 0.025645
2 0.151893 0.226750 0.028786 0.022250
2 0.062211 0.233510 0.055672 0.042020
2 0.491946 0.250146 0.043267 0.037792
4 0.639664 0.663566 0.719953 0.674006
5 0.676070 0.658784 0.645889 0.664442
6 0.703455 0.530635 0.594411 0.420645
7 0.723712 0.472594 0.553673 0.317062
8 0.755168 0.394740 0.488461 0.189480
3 0.602016 0.369084 0.266533 0.256917
3 0.884086 0.339177 0.230672 0.225230
3 0.318019 0.240791 0.051663 0.044083
3 0.240984 0.226885 0.022594 0.025645
3 0.151893 0.226750 0.028786 0.022250
3 0.062211 0.233510 0.055672 0.042020
3 0.491946 0.250146 0.043267 0.037792
3 0.639664 0.663566 0.719953 0.674006
4 0.676070 0.658784 0.645889 0.664442
5 0.703455 0.530635 0.594411 0.420645
6 0.723712 0.472594 0.553673 0.317062
7 0.755168 0.394740 0.488461 0.189480
2 0.602016 0.369084 0.266533 0.256917
2 0.884086 0.339177 0.230672 0.225230
2 0.318019 0.240791 0.051663 0.044083
2 0.240984 0.226885 0.022594 0.025645
2 0.151893 0.226750 0.028786 0.022250
2 0.062211 0.233510 0.055672 0.042020
2 0.491946 0.250146 0.043267 0.037792
3 0.639664 0.663566 0.719953 0.674006
4 0.676070 0.658784 0.645889 0.664442
5 0.703455 0.530635 0.594411 0.420645
6 0.723712 0.472594 0.553673 0.317062
7 0.755168 0.394740 0.488461 0.189480
2 0.602016 0.369084 0.266533 0.256917
2 0.884086 0.339177 0.230672 0.225230
2 0.318019 0.240791 0.051663 0.044083
2 0.240984 0.226885 0.022594 0.025645
2 0.151893 0.226750 0.028786 0.022250
2 0.062211 0.233510 0.055672 0.042020
2 0.491946 0.250146 0.043267 0.037792
3 0.639664 0.663566 0.719953 0.674006
4 0.676070 0.658784 0.645889 0.664442
5 0.703455 0.530635 0.594411 0.420645
6 0.723712 0.472594 0.553673 0.317062
7 0.755168 0.394740 0.488461 0.189480
2 0.602016 0.369084 0.266533 0.256917
2 0.884086 0.339177 0.230672 0.225230
2 0.318019 0.240791 0.051663 0.044083
2 0.240984 0.226885 0.022594 0.025645
2 0.151893 0.226750 0.028786 0.022250
2 0.062211 0.233510 0.055672 0.042020
2 0.491946 0.250146 0.043267 0.037792
