3 0.6396640625 0.663565625 0.719953125 0.6740062499999999
4 0.67606953125 0.65878359375 0.6458890625 0.6644421875
5 0.70345546875 0.53063515625 0.5944109375 0.42064531250000003
6 0.72371171875 0.47259375 0.5536734375 0.31706249999999997
7 0.75516796875 0.39473984375 0.4884609375 0.1894796875
2 0.8195640624999999 0.262875 0.176628125 0.141375
2 0.48791875000000007 0.24796875 0.1445875 0.15531250000000002
2 0.57313671875 0.242125 0.0650234375 0.0905
2 0.30231718750000003 0.22860390625 0.051509375 0.0665828125
2 0.96343125 0.30225 0.0706125 0.2045
2 0.3392921875 0.21965625000000003 0.031709375 0.0424375
2 0.38123828125000003 0.22514609375 0.0531015625 0.0752921875
2 0.06214609375 0.21546875000000001 0.0649171875 0.0465625
2 0.26376171875 0.22368749999999998 0.030648437499999997 0.04425
3 0.6396640625 0.663565625 0.719953125 0.6740062499999999
4 0.67606953125 0.65878359375 0.6458890625 0.6644421875
5 0.70345546875 0.53063515625 0.5944109375 0.42064531250000003
6 0.72371171875 0.47259375 0.5536734375 0.31706249999999997
7 0.75516796875 0.39473984375 0.4884609375 0.1894796875
2 0.8195640624999999 0.262875 0.176628125 0.141375
2 0.48791875000000007 0.24796875 0.1445875 0.15531250000000002
2 0.57313671875 0.242125 0.0650234375 0.0905
2 0.30231718750000003 0.22860390625 0.051509375 0.0665828125
2 0.96343125 0.30225 0.0706125 0.2045
2 0.3392921875 0.21965625000000003 0.031709375 0.0424375
2 0.38123828125000003 0.22514609375 0.0531015625 0.0752921875
2 0.06214609375 0.21546875000000001 0.0649171875 0.0465625
2 0.26376171875 0.22368749999999998 0.030648437499999997 0.04425
3 0.639664 0.663566 0.719953 0.674006
4 0.676070 0.658784 0.645889 0.664442
5 0.703455 0.530635 0.594411 0.420645
6 0.723712 0.472594 0.553673 0.317062
7 0.755168 0.394740 0.488461 0.189480
2 0.819564 0.262875 0.176628 0.141375
2 0.487919 0.247969 0.144588 0.155313
2 0.573137 0.242125 0.065023 0.090500
2 0.302317 0.228604 0.051509 0.066583
2 0.963431 0.302250 0.070612 0.204500
2 0.339292 0.219656 0.031709 0.042438
2 0.381238 0.225146 0.053102 0.075292
2 0.062146 0.215469 0.064917 0.046562
2 0.263762 0.223687 0.030648 0.044250
3 0.639664 0.663566 0.719953 0.674006
4 0.676070 0.658784 0.645889 0.664442
5 0.703455 0.530635 0.594411 0.420645
6 0.723712 0.472594 0.553673 0.317062
7 0.755168 0.394740 0.488461 0.189480
2 0.819564 0.262875 0.176628 0.141375
2 0.487919 0.247969 0.144588 0.155313
2 0.573137 0.242125 0.065023 0.090500
2 0.302317 0.228604 0.051509 0.066583
2 0.963431 0.302250 0.070612 0.204500
2 0.339292 0.219656 0.031709 0.042438
2 0.381238 0.225146 0.053102 0.075292
2 0.062146 0.215469 0.064917 0.046562
2 0.263762 0.223687 0.030648 0.044250
4 0.639664 0.663566 0.719953 0.674006
5 0.676070 0.658784 0.645889 0.664442
6 0.703455 0.530635 0.594411 0.420645
7 0.723712 0.472594 0.553673 0.317062
8 0.755168 0.394740 0.488461 0.189480
3 0.819564 0.262875 0.176628 0.141375
3 0.487919 0.247969 0.144588 0.155313
3 0.573137 0.242125 0.065023 0.090500
3 0.302317 0.228604 0.051509 0.066583
3 0.963431 0.302250 0.070612 0.204500
3 0.339292 0.219656 0.031709 0.042438
3 0.381238 0.225146 0.053102 0.075292
3 0.062146 0.215469 0.064917 0.046562
3 0.263762 0.223687 0.030648 0.044250
3 0.639664 0.663566 0.719953 0.674006
4 0.676070 0.658784 0.645889 0.664442
5 0.703455 0.530635 0.594411 0.420645
6 0.723712 0.472594 0.553673 0.317062
7 0.755168 0.394740 0.488461 0.189480
2 0.819564 0.262875 0.176628 0.141375
2 0.487919 0.247969 0.144588 0.155313
2 0.573137 0.242125 0.065023 0.090500
2 0.302317 0.228604 0.051509 0.066583
2 0.963431 0.302250 0.070612 0.204500
2 0.339292 0.219656 0.031709 0.042438
2 0.381238 0.225146 0.053102 0.075292
2 0.062146 0.215469 0.064917 0.046562
2 0.263762 0.223687 0.030648 0.044250
3 0.639664 0.663566 0.719953 0.674006
4 0.676070 0.658784 0.645889 0.664442
5 0.703455 0.530635 0.594411 0.420645
6 0.723712 0.472594 0.553673 0.317062
7 0.755168 0.394740 0.488461 0.189480
2 0.819564 0.262875 0.176628 0.141375
2 0.487919 0.247969 0.144588 0.155313
2 0.573137 0.242125 0.065023 0.090500
2 0.302317 0.228604 0.051509 0.066583
2 0.963431 0.302250 0.070612 0.204500
2 0.339292 0.219656 0.031709 0.042438
2 0.381238 0.225146 0.053102 0.075292
2 0.062146 0.215469 0.064917 0.046562
2 0.263762 0.223687 0.030648 0.044250
3 0.639664 0.663566 0.719953 0.674006
4 0.676070 0.658784 0.645889 0.664442
5 0.703455 0.530635 0.594411 0.420645
6 0.723712 0.472594 0.553673 0.317062
7 0.755168 0.394740 0.488461 0.189480
2 0.819564 0.262875 0.176628 0.141375
2 0.487919 0.247969 0.144588 0.155313
2 0.573137 0.242125 0.065023 0.090500
2 0.302317 0.228604 0.051509 0.066583
2 0.963431 0.302250 0.070612 0.204500
2 0.339292 0.219656 0.031709 0.042438
2 0.381238 0.225146 0.053102 0.075292
2 0.062146 0.215469 0.064917 0.046562
2 0.263762 0.223687 0.030648 0.044250
