3 0.6396640625 0.663565625 0.719953125 0.6740062499999999
4 0.67606953125 0.65878359375 0.6458890625 0.6644421875
5 0.70345546875 0.53063515625 0.5944109375 0.42064531250000003
6 0.72371171875 0.47455625 0.5536734375 0.31161249999999996
7 0.7510625 0.44572031249999994 0.499 0.235190625
2 0.3554125 0.27355234375 0.03895 0.0408546875
2 0.44249375 0.26666640625 0.041237499999999996 0.0520828125
2 0.49524140625 0.27042734375 0.0467328125 0.0471046875
2 0.39397421875 0.273875 0.0348234375 0.041499999999999995
2 0.29999375 0.27269765625 0.0374875 0.0391453125
2 0.09860234375 0.2565 0.0597046875 0.047375
2 0.3259671875 0.26888515625 0.023809375 0.0346453125
3 0.6396640625 0.663565625 0.719953125 0.6740062499999999
4 0.67606953125 0.65878359375 0.6458890625 0.6644421875
5 0.70345546875 0.53063515625 0.5944109375 0.42064531250000003
6 0.72371171875 0.47455625 0.5536734375 0.31161249999999996
7 0.7510625 0.44572031249999994 0.499 0.235190625
2 0.3554125 0.27355234375 0.03895 0.0408546875
2 0.44249375 0.26666640625 0.041237499999999996 0.0520828125
2 0.49524140625 0.27042734375 0.0467328125 0.0471046875
2 0.39397421875 0.273875 0.0348234375 0.041499999999999995
2 0.29999375 0.27269765625 0.0374875 0.0391453125
2 0.09860234375 0.2565 0.0597046875 0.047375
2 0.3259671875 0.26888515625 0.023809375 0.0346453125
3 0.639664 0.663566 0.719953 0.674006
4 0.676070 0.658784 0.645889 0.664442
5 0.703455 0.530635 0.594411 0.420645
6 0.723712 0.474556 0.553673 0.311612
7 0.751062 0.445720 0.499000 0.235191
2 0.355413 0.273552 0.038950 0.040855
2 0.442494 0.266666 0.041237 0.052083
2 0.495241 0.270427 0.046733 0.047105
2 0.393974 0.273875 0.034823 0.041500
2 0.299994 0.272698 0.037487 0.039145
2 0.098602 0.256500 0.059705 0.047375
2 0.325967 0.268885 0.023809 0.034645
3 0.639664 0.663566 0.719953 0.674006
4 0.676070 0.658784 0.645889 0.664442
5 0.703455 0.530635 0.594411 0.420645
6 0.723712 0.474556 0.553673 0.311612
7 0.751062 0.445720 0.499000 0.235191
2 0.355413 0.273552 0.038950 0.040855
2 0.442494 0.266666 0.041237 0.052083
2 0.495241 0.270427 0.046733 0.047105
2 0.393974 0.273875 0.034823 0.041500
2 0.299994 0.272698 0.037487 0.039145
2 0.098602 0.256500 0.059705 0.047375
2 0.325967 0.268885 0.023809 0.034645
4 0.639664 0.663566 0.719953 0.674006
5 0.676070 0.658784 0.645889 0.664442
6 0.703455 0.530635 0.594411 0.420645
7 0.723712 0.474556 0.553673 0.311612
8 0.751062 0.445720 0.499000 0.235191
3 0.355413 0.273552 0.038950 0.040855
3 0.442494 0.266666 0.041237 0.052083
3 0.495241 0.270427 0.046733 0.047105
3 0.393974 0.273875 0.034823 0.041500
3 0.299994 0.272698 0.037487 0.039145
3 0.098602 0.256500 0.059705 0.047375
3 0.325967 0.268885 0.023809 0.034645
3 0.639664 0.663566 0.719953 0.674006
4 0.676070 0.658784 0.645889 0.664442
5 0.703455 0.530635 0.594411 0.420645
6 0.723712 0.474556 0.553673 0.311612
7 0.751062 0.445720 0.499000 0.235191
2 0.355413 0.273552 0.038950 0.040855
2 0.442494 0.266666 0.041237 0.052083
2 0.495241 0.270427 0.046733 0.047105
2 0.393974 0.273875 0.034823 0.041500
2 0.299994 0.272698 0.037487 0.039145
2 0.098602 0.256500 0.059705 0.047375
2 0.325967 0.268885 0.023809 0.034645
3 0.639664 0.663566 0.719953 0.674006
4 0.676070 0.658784 0.645889 0.664442
5 0.703455 0.530635 0.594411 0.420645
6 0.723712 0.474556 0.553673 0.311612
7 0.751062 0.445720 0.499000 0.235191
2 0.355413 0.273552 0.038950 0.040855
2 0.442494 0.266666 0.041237 0.052083
2 0.495241 0.270427 0.046733 0.047105
2 0.393974 0.273875 0.034823 0.041500
2 0.299994 0.272698 0.037487 0.039145
2 0.098602 0.256500 0.059705 0.047375
2 0.325967 0.268885 0.023809 0.034645
3 0.639664 0.663566 0.719953 0.674006
4 0.676070 0.658784 0.645889 0.664442
5 0.703455 0.530635 0.594411 0.420645
6 0.723712 0.474556 0.553673 0.311612
7 0.751062 0.445720 0.499000 0.235191
2 0.355413 0.273552 0.038950 0.040855
2 0.442494 0.266666 0.041237 0.052083
2 0.495241 0.270427 0.046733 0.047105
2 0.393974 0.273875 0.034823 0.041500
2 0.299994 0.272698 0.037487 0.039145
2 0.098602 0.256500 0.059705 0.047375
2 0.325967 0.268885 0.023809 0.034645
