3 0.6396640625 0.663565625 0.719953125 0.6740062499999999
4 0.67606953125 0.65878359375 0.6458890625 0.6644421875
5 0.70345546875 0.53063515625 0.5944109375 0.42064531250000003
6 0.72371171875 0.47259375 0.5536734375 0.31706249999999997
7 0.75516796875 0.39473984375 0.4884609375 0.1894796875
9 0.64149140625 0.29472890625 0.15798281249999999 0.1332078125
2 0.8863328125000001 0.28634375 0.128915625 0.0695625
2 0.46522421875 0.28946875 0.0710734375 0.1008125
9 0.401096875 0.31171875 0.12094374999999999 0.1359375
2 0.9339625 0.39982265625 0.13355 0.2621453125
9 0.30957578125 0.27912499999999996 0.056651562499999995 0.073875
9 0.5582609374999999 0.27296875 0.044646875 0.0896875
2 0.26994140624999996 0.26126015625 0.0367578125 0.0506453125
9 0.24173359374999998 0.2584375 0.042842187500000004 0.03875
3 0.6396640625 0.663565625 0.719953125 0.6740062499999999
4 0.67606953125 0.65878359375 0.6458890625 0.6644421875
5 0.70345546875 0.53063515625 0.5944109375 0.42064531250000003
6 0.72371171875 0.47259375 0.5536734375 0.31706249999999997
7 0.75516796875 0.39473984375 0.4884609375 0.1894796875
9 0.64149140625 0.29472890625 0.15798281249999999 0.1332078125
2 0.8863328125000001 0.28634375 0.128915625 0.0695625
2 0.46522421875 0.28946875 0.0710734375 0.1008125
9 0.401096875 0.31171875 0.12094374999999999 0.1359375
2 0.9339625 0.39982265625 0.13355 0.2621453125
9 0.30957578125 0.27912499999999996 0.056651562499999995 0.073875
9 0.5582609374999999 0.27296875 0.044646875 0.0896875
2 0.26994140624999996 0.26126015625 0.0367578125 0.0506453125
9 0.24173359374999998 0.2584375 0.042842187500000004 0.03875
3 0.639664 0.663566 0.719953 0.674006
4 0.676070 0.658784 0.645889 0.664442
5 0.703455 0.530635 0.594411 0.420645
6 0.723712 0.472594 0.553673 0.317062
7 0.755168 0.394740 0.488461 0.189480
9 0.641491 0.294729 0.157983 0.133208
2 0.886333 0.286344 0.128916 0.069562
2 0.465224 0.289469 0.071073 0.100812
9 0.401097 0.311719 0.120944 0.135937
2 0.933963 0.399823 0.133550 0.262145
9 0.309576 0.279125 0.056652 0.073875
9 0.558261 0.272969 0.044647 0.089688
2 0.269941 0.261260 0.036758 0.050645
9 0.241734 0.258437 0.042842 0.038750
3 0.639664 0.663566 0.719953 0.674006
4 0.676070 0.658784 0.645889 0.664442
5 0.703455 0.530635 0.594411 0.420645
6 0.723712 0.472594 0.553673 0.317062
7 0.755168 0.394740 0.488461 0.189480
9 0.641491 0.294729 0.157983 0.133208
2 0.886333 0.286344 0.128916 0.069562
2 0.465224 0.289469 0.071073 0.100812
9 0.401097 0.311719 0.120944 0.135937
2 0.933963 0.399823 0.133550 0.262145
9 0.309576 0.279125 0.056652 0.073875
9 0.558261 0.272969 0.044647 0.089688
2 0.269941 0.261260 0.036758 0.050645
9 0.241734 0.258437 0.042842 0.038750
4 0.639664 0.663566 0.719953 0.674006
5 0.676070 0.658784 0.645889 0.664442
6 0.703455 0.530635 0.594411 0.420645
7 0.723712 0.472594 0.553673 0.317062
8 0.755168 0.394740 0.488461 0.189480
10 0.641491 0.294729 0.157983 0.133208
3 0.886333 0.286344 0.128916 0.069562
3 0.465224 0.289469 0.071073 0.100812
10 0.401097 0.311719 0.120944 0.135937
3 0.933963 0.399823 0.133550 0.262145
10 0.309576 0.279125 0.056652 0.073875
10 0.558261 0.272969 0.044647 0.089688
3 0.269941 0.261260 0.036758 0.050645
10 0.241734 0.258437 0.042842 0.038750
3 0.639664 0.663566 0.719953 0.674006
4 0.676070 0.658784 0.645889 0.664442
5 0.703455 0.530635 0.594411 0.420645
6 0.723712 0.472594 0.553673 0.317062
7 0.755168 0.394740 0.488461 0.189480
9 0.641491 0.294729 0.157983 0.133208
2 0.886333 0.286344 0.128916 0.069562
2 0.465224 0.289469 0.071073 0.100812
9 0.401097 0.311719 0.120944 0.135937
2 0.933963 0.399823 0.133550 0.262145
9 0.309576 0.279125 0.056652 0.073875
9 0.558261 0.272969 0.044647 0.089688
2 0.269941 0.261260 0.036758 0.050645
9 0.241734 0.258437 0.042842 0.038750
3 0.639664 0.663566 0.719953 0.674006
4 0.676070 0.658784 0.645889 0.664442
5 0.703455 0.530635 0.594411 0.420645
6 0.723712 0.472594 0.553673 0.317062
7 0.755168 0.394740 0.488461 0.189480
9 0.641491 0.294729 0.157983 0.133208
2 0.886333 0.286344 0.128916 0.069562
2 0.465224 0.289469 0.071073 0.100812
9 0.401097 0.311719 0.120944 0.135937
2 0.933963 0.399823 0.133550 0.262145
9 0.309576 0.279125 0.056652 0.073875
9 0.558261 0.272969 0.044647 0.089688
2 0.269941 0.261260 0.036758 0.050645
9 0.241734 0.258437 0.042842 0.038750
3 0.639664 0.663566 0.719953 0.674006
4 0.676070 0.658784 0.645889 0.664442
5 0.703455 0.530635 0.594411 0.420645
6 0.723712 0.472594 0.553673 0.317062
7 0.755168 0.394740 0.488461 0.189480
9 0.641491 0.294729 0.157983 0.133208
2 0.886333 0.286344 0.128916 0.069562
2 0.465224 0.289469 0.071073 0.100812
9 0.401097 0.311719 0.120944 0.135937
2 0.933963 0.399823 0.133550 0.262145
9 0.309576 0.279125 0.056652 0.073875
9 0.558261 0.272969 0.044647 0.089688
2 0.269941 0.261260 0.036758 0.050645
9 0.241734 0.258437 0.042842 0.038750
