3 0.6396640625 0.663565625 0.719953125 0.6740062499999999
4 0.67606953125 0.65878359375 0.6458890625 0.6644421875
5 0.70345546875 0.53063515625 0.5944109375 0.42064531250000003
6 0.72371171875 0.47455625 0.5536734375 0.31161249999999996
7 0.7510625 0.44572031249999994 0.499 0.235190625
2 0.48796015624999994 0.29303124999999997 0.0477953125 0.0454375
2 0.43753515624999995 0.29291640625 0.050070312500000005 0.0514578125
2 0.34740546875 0.29547890625 0.038560937499999996 0.0472078125
2 0.38680390625 0.294875 0.0361078125 0.042875
2 0.28303046875 0.30484374999999997 0.0410609375 0.034687499999999996
2 0.08243515625 0.28923984375 0.05862031250000001 0.0441046875
2 0.3155421875 0.29388515625 0.031084374999999997 0.040895312499999996
3 0.6396640625 0.663565625 0.719953125 0.6740062499999999
4 0.67606953125 0.65878359375 0.6458890625 0.6644421875
5 0.70345546875 0.53063515625 0.5944109375 0.42064531250000003
6 0.72371171875 0.47455625 0.5536734375 0.31161249999999996
7 0.7510625 0.44572031249999994 0.499 0.235190625
2 0.48796015624999994 0.29303124999999997 0.0477953125 0.0454375
2 0.43753515624999995 0.29291640625 0.050070312500000005 0.0514578125
2 0.34740546875 0.29547890625 0.038560937499999996 0.0472078125
2 0.38680390625 0.294875 0.0361078125 0.042875
2 0.28303046875 0.30484374999999997 0.0410609375 0.034687499999999996
2 0.08243515625 0.28923984375 0.05862031250000001 0.0441046875
2 0.3155421875 0.29388515625 0.031084374999999997 0.040895312499999996
3 0.639664 0.663566 0.719953 0.674006
4 0.676070 0.658784 0.645889 0.664442
5 0.703455 0.530635 0.594411 0.420645
6 0.723712 0.474556 0.553673 0.311612
7 0.751062 0.445720 0.499000 0.235191
2 0.487960 0.293031 0.047795 0.045437
2 0.437535 0.292916 0.050070 0.051458
2 0.347405 0.295479 0.038561 0.047208
2 0.386804 0.294875 0.036108 0.042875
2 0.283030 0.304844 0.041061 0.034687
2 0.082435 0.289240 0.058620 0.044105
2 0.315542 0.293885 0.031084 0.040895
3 0.639664 0.663566 0.719953 0.674006
4 0.676070 0.658784 0.645889 0.664442
5 0.703455 0.530635 0.594411 0.420645
6 0.723712 0.474556 0.553673 0.311612
7 0.751062 0.445720 0.499000 0.235191
2 0.487960 0.293031 0.047795 0.045437
2 0.437535 0.292916 0.050070 0.051458
2 0.347405 0.295479 0.038561 0.047208
2 0.386804 0.294875 0.036108 0.042875
2 0.283030 0.304844 0.041061 0.034687
2 0.082435 0.289240 0.058620 0.044105
2 0.315542 0.293885 0.031084 0.040895
4 0.639664 0.663566 0.719953 0.674006
5 0.676070 0.658784 0.645889 0.664442
6 0.703455 0.530635 0.594411 0.420645
7 0.723712 0.474556 0.553673 0.311612
8 0.751062 0.445720 0.499000 0.235191
3 0.487960 0.293031 0.047795 0.045437
3 0.437535 0.292916 0.050070 0.051458
3 0.347405 0.295479 0.038561 0.047208
3 0.386804 0.294875 0.036108 0.042875
3 0.283030 0.304844 0.041061 0.034687
3 0.082435 0.289240 0.058620 0.044105
3 0.315542 0.293885 0.031084 0.040895
3 0.639664 0.663566 0.719953 0.674006
4 0.676070 0.658784 0.645889 0.664442
5 0.703455 0.530635 0.594411 0.420645
6 0.723712 0.474556 0.553673 0.311612
7 0.751062 0.445720 0.499000 0.235191
2 0.487960 0.293031 0.047795 0.045437
2 0.437535 0.292916 0.050070 0.051458
2 0.347405 0.295479 0.038561 0.047208
2 0.386804 0.294875 0.036108 0.042875
2 0.283030 0.304844 0.041061 0.034687
2 0.082435 0.289240 0.058620 0.044105
2 0.315542 0.293885 0.031084 0.040895
3 0.639664 0.663566 0.719953 0.674006
4 0.676070 0.658784 0.645889 0.664442
5 0.703455 0.530635 0.594411 0.420645
6 0.723712 0.474556 0.553673 0.311612
7 0.751062 0.445720 0.499000 0.235191
2 0.487960 0.293031 0.047795 0.045437
2 0.437535 0.292916 0.050070 0.051458
2 0.347405 0.295479 0.038561 0.047208
2 0.386804 0.294875 0.036108 0.042875
2 0.283030 0.304844 0.041061 0.034687
2 0.082435 0.289240 0.058620 0.044105
2 0.315542 0.293885 0.031084 0.040895
3 0.639664 0.663566 0.719953 0.674006
4 0.676070 0.658784 0.645889 0.664442
5 0.703455 0.530635 0.594411 0.420645
6 0.723712 0.474556 0.553673 0.311612
7 0.751062 0.445720 0.499000 0.235191
2 0.487960 0.293031 0.047795 0.045437
2 0.437535 0.292916 0.050070 0.051458
2 0.347405 0.295479 0.038561 0.047208
2 0.386804 0.294875 0.036108 0.042875
2 0.283030 0.304844 0.041061 0.034687
2 0.082435 0.289240 0.058620 0.044105
2 0.315542 0.293885 0.031084 0.040895
