4 0.6397 0.6636 0.7200 0.6740
5 0.6761 0.6588 0.6459 0.6644
6 0.7035 0.5306 0.5944 0.4206
7 0.7237 0.4726 0.5537 0.3171
8 0.7552 0.3947 0.4885 0.1895
3 0.3652 0.2799 0.0710 0.0972
3 0.9164 0.3357 0.1671 0.2246
3 0.4687 0.3081 0.1468 0.1693
3 0.2932 0.2451 0.0552 0.0715
3 0.6887 0.3104 0.1055 0.1271
3 0.2348 0.2320 0.0227 0.0296
9 0.6118 0.3567 0.0956 0.2165
3 0.2403 0.2395 0.0243 0.0353
3 0.5759 0.2837 0.0456 0.0987
3 0.2567 0.2475 0.0197 0.0449
3 0.6591 0.2421 0.0464 0.0186
3 0.5274 0.2575 0.0392 0.0524
