4 0.6397 0.6636 0.7200 0.6740
5 0.6761 0.6588 0.6459 0.6644
6 0.7035 0.5306 0.5944 0.4206
7 0.7237 0.4726 0.5537 0.3171
8 0.7552 0.3947 0.4885 0.1895
3 0.8642 0.3423 0.2502 0.1753
3 0.6820 0.4450 0.3577 0.3650
3 0.3449 0.2742 0.0742 0.0828
3 0.5494 0.2932 0.1144 0.0990
3 0.4940 0.2736 0.0599 0.0721
3 0.9766 0.2863 0.0470 0.0601
3 0.3060 0.2644 0.0370 0.0695
3 0.3824 0.2571 0.0397 0.0579
3 0.2720 0.2579 0.0315 0.0377
3 0.6313 0.2541 0.0594 0.0300
3 0.4249 0.2576 0.0466 0.0559
3 0.2270 0.2483 0.0196 0.0184
3 0.3635 0.2616 0.0614 0.0670
