4 0.6397 0.6636 0.7200 0.6740
5 0.6761 0.6588 0.6459 0.6644
6 0.7035 0.5306 0.5944 0.4206
7 0.7237 0.4726 0.5537 0.3171
8 0.7552 0.3947 0.4885 0.1895
10 0.8475 0.3915 0.3045 0.2550
3 0.3315 0.2803 0.0629 0.0825
10 0.9494 0.2726 0.0957 0.0796
10 0.4094 0.2625 0.0500 0.0625
3 0.4418 0.2705 0.0273 0.0380
3 0.2878 0.2663 0.0474 0.0514
1 0.3781 0.3552 0.0499 0.1166
3 0.7758 0.2613 0.0766 0.0445
10 0.6164 0.2692 0.1266 0.0729
3 0.5608 0.2690 0.0842 0.0692
3 0.4633 0.2689 0.0203 0.0284
3 0.5360 0.2693 0.0501 0.0637
