4 0.6397 0.6636 0.7200 0.6740
5 0.6761 0.6588 0.6459 0.6644
6 0.7035 0.5306 0.5944 0.4206
7 0.7237 0.4726 0.5537 0.3171
8 0.7552 0.3947 0.4885 0.1895
3 0.8116 0.3443 0.2232 0.1604
3 0.5887 0.3428 0.0993 0.0888
3 0.8887 0.2671 0.0742 0.0498
1 0.3102 0.3190 0.0267 0.0662
3 0.0800 0.2574 0.0601 0.0491
3 0.7696 0.2538 0.0829 0.0295
3 0.4036 0.2657 0.0667 0.0595
3 0.5613 0.3116 0.1225 0.1013
3 0.2758 0.2728 0.0329 0.0425
1 0.4883 0.4562 0.0704 0.1467
3 0.3318 0.2719 0.0324 0.0439
3 0.3565 0.2686 0.0349 0.0528
3 0.1684 0.2491 0.0367 0.0325
