4 0.6397 0.6636 0.7200 0.6740
5 0.6761 0.6588 0.6459 0.6644
6 0.7035 0.5306 0.5944 0.4206
7 0.7237 0.4726 0.5537 0.3171
8 0.7552 0.3947 0.4885 0.1895
3 0.8801 0.3241 0.2382 0.1701
3 0.6004 0.3774 0.2634 0.2518
3 0.4420 0.2673 0.0683 0.0784
3 0.7506 0.2547 0.0637 0.0532
3 0.8195 0.2435 0.0734 0.0526
3 0.2392 0.2310 0.0253 0.0245
3 0.6282 0.2541 0.0783 0.0582
3 0.3378 0.2564 0.0757 0.1035
3 0.6860 0.3256 0.0782 0.0950
3 0.4810 0.2659 0.0339 0.0506
3 0.2888 0.2408 0.0402 0.0754
3 0.6842 0.2606 0.0435 0.0400
