4 0.6397 0.6636 0.7200 0.6740
5 0.6761 0.6588 0.6459 0.6644
6 0.7035 0.5306 0.5944 0.4206
7 0.7237 0.4726 0.5537 0.3171
8 0.7552 0.3947 0.4885 0.1895
3 0.6540 0.3673 0.3111 0.3065
3 0.3704 0.2536 0.0970 0.1072
3 0.3033 0.2320 0.0535 0.0578
3 0.4604 0.2443 0.0834 0.0887
3 0.5079 0.2274 0.0471 0.0641
3 0.4754 0.2611 0.0665 0.0659
3 0.4132 0.2186 0.0296 0.0403
3 0.0628 0.2069 0.0568 0.0451
3 0.1525 0.2071 0.0332 0.0392
3 0.2483 0.2148 0.0279 0.0296
3 0.7853 0.2250 0.0832 0.0501
3 0.7508 0.2817 0.1484 0.1915
3 0.4870 0.2461 0.0677 0.0703
3 0.2283 0.2124 0.0222 0.0280
