4 0.6397 0.6636 0.7200 0.6740
5 0.6761 0.6588 0.6459 0.6644
6 0.7035 0.5306 0.5944 0.4206
7 0.7237 0.4726 0.5537 0.3171
8 0.7552 0.3947 0.4885 0.1895
10 0.4305 0.3197 0.1391 0.1393
10 0.7351 0.2795 0.1328 0.0839
10 0.8520 0.2754 0.1165 0.0790
10 0.3020 0.2708 0.0572 0.0696
3 0.5861 0.2798 0.0722 0.0440
3 0.3563 0.2654 0.0439 0.0590
3 0.2596 0.2659 0.0191 0.0349
3 0.4949 0.2732 0.0335 0.0371
3 0.4722 0.2724 0.0349 0.0479
3 0.2335 0.2561 0.0233 0.0341
3 0.2637 0.2605 0.0305 0.0429
3 0.6489 0.2672 0.0384 0.0406
3 0.5016 0.2539 0.0376 0.0359
3 0.4603 0.2671 0.0550 0.0592
