4 0.6397 0.6636 0.7200 0.6740
5 0.6761 0.6588 0.6459 0.6644
6 0.7035 0.5306 0.5944 0.4206
7 0.7237 0.4726 0.5537 0.3171
8 0.7552 0.3947 0.4885 0.1895
3 0.8459 0.2741 0.1168 0.0794
3 0.9344 0.3634 0.1314 0.1986
3 0.0788 0.2524 0.0608 0.0423
3 0.2799 0.2711 0.0410 0.0485
10 0.4127 0.2629 0.0660 0.0602
10 0.5181 0.2714 0.0736 0.0679
10 0.3629 0.2618 0.0445 0.0674
1 0.3309 0.3303 0.0368 0.0886
10 0.7028 0.3652 0.0806 0.1085
3 0.1661 0.2559 0.0386 0.0400
3 0.6414 0.3394 0.1735 0.1570
9 0.6383 0.4571 0.1735 0.4049
10 0.5726 0.2580 0.0547 0.0472
