4 0.6397 0.6636 0.7200 0.6740
5 0.6761 0.6588 0.6459 0.6644
6 0.7035 0.5306 0.5944 0.4206
7 0.7237 0.4726 0.5537 0.3171
8 0.7552 0.3947 0.4885 0.1895
3 0.7174 0.3472 0.2224 0.1819
10 0.5543 0.2784 0.1149 0.1131
10 0.3540 0.2915 0.0861 0.1018
10 0.4218 0.2744 0.0717 0.0832
3 0.7857 0.2810 0.0964 0.0683
10 0.2957 0.2666 0.0444 0.0613
3 0.0645 0.2431 0.0571 0.0519
10 0.2418 0.2576 0.0335 0.0433
3 0.9412 0.4906 0.0512 0.0500
3 0.4666 0.2657 0.0270 0.0376
3 0.2640 0.2640 0.0248 0.0405
3 0.4991 0.2629 0.0356 0.0759
10 0.9492 0.4739 0.0672 0.0822
10 0.2569 0.2596 0.0418 0.0504
