4 0.6397 0.6636 0.7200 0.6740
5 0.6761 0.6588 0.6459 0.6644
6 0.7035 0.5306 0.5944 0.4206
7 0.7237 0.4726 0.5537 0.3171
8 0.7552 0.3947 0.4885 0.1895
3 0.3583 0.2957 0.0854 0.1102
10 0.9425 0.3324 0.1163 0.2523
3 0.4169 0.2788 0.0588 0.0732
3 0.2935 0.2654 0.0558 0.0590
10 0.7579 0.4716 0.4596 0.3963
3 0.5310 0.2915 0.0775 0.0831
10 0.2506 0.2484 0.0386 0.0655
3 0.6636 0.2406 0.0585 0.0342
3 0.7317 0.2662 0.0978 0.0823
3 0.4417 0.2728 0.0334 0.0486
3 0.0615 0.2432 0.0605 0.0457
3 0.7221 0.2471 0.0754 0.0474
3 0.5103 0.2811 0.0581 0.0747
