4 0.6397 0.6636 0.7200 0.6740
5 0.6761 0.6588 0.6459 0.6644
6 0.7035 0.5306 0.5944 0.4206
7 0.7237 0.4726 0.5537 0.3171
8 0.7552 0.3947 0.4885 0.1895
3 0.5327 0.3538 0.1998 0.2138
3 0.6285 0.3253 0.0850 0.1038
3 0.4264 0.2654 0.0685 0.0776
3 0.8014 0.3010 0.1465 0.1300
3 0.3254 0.2495 0.0757 0.0959
3 0.8442 0.2317 0.0541 0.0227
3 0.7359 0.2546 0.0593 0.0468
3 0.2394 0.2333 0.0256 0.0259
3 0.5746 0.2475 0.0961 0.0638
3 0.6471 0.2578 0.0660 0.0561
3 0.5069 0.2325 0.0325 0.0307
3 0.5719 0.2289 0.0876 0.0452
