4 0.6397 0.6636 0.7200 0.6740
5 0.6761 0.6588 0.6459 0.6644
6 0.7035 0.5306 0.5944 0.4206
7 0.7237 0.4726 0.5537 0.3171
8 0.7552 0.3947 0.4885 0.1895
3 0.5921 0.3588 0.2561 0.2551
3 0.8066 0.3388 0.2538 0.1807
3 0.4130 0.2977 0.0979 0.1297
3 0.9040 0.2498 0.0893 0.0465
3 0.3055 0.2526 0.0610 0.0803
3 0.6763 0.2658 0.0994 0.0692
3 0.2350 0.2317 0.0230 0.0260
3 0.7082 0.2476 0.0477 0.0327
3 0.4728 0.2534 0.0613 0.0599
3 0.8164 0.2442 0.0327 0.0166
9 0.8920 0.5120 0.0934 0.2177
3 0.2580 0.2181 0.0286 0.0424
