4 0.6397 0.6636 0.7200 0.6740
5 0.6761 0.6588 0.6459 0.6644
6 0.7035 0.5306 0.5944 0.4206
7 0.7237 0.4726 0.5537 0.3171
8 0.7552 0.3947 0.4885 0.1895
3 0.6849 0.4095 0.3386 0.3346
3 0.9114 0.3252 0.1760 0.1784
3 0.8082 0.2456 0.0727 0.0505
3 0.4572 0.2694 0.0739 0.0889
3 0.2351 0.2309 0.0264 0.0275
3 0.3454 0.2601 0.0814 0.1077
3 0.6752 0.2525 0.1099 0.0518
3 0.4928 0.2658 0.0357 0.0534
3 0.6019 0.2590 0.0694 0.0556
3 0.5325 0.2586 0.0462 0.0516
3 0.2921 0.2419 0.0466 0.0776
3 0.7555 0.2518 0.0610 0.0535
