4 0.6397 0.6636 0.7200 0.6740
5 0.6761 0.6588 0.6459 0.6644
6 0.7035 0.5306 0.5944 0.4206
7 0.7237 0.4726 0.5537 0.3171
8 0.7552 0.3947 0.4885 0.1895
3 0.5987 0.3899 0.2755 0.2486
3 0.8960 0.2848 0.1639 0.0946
3 0.6645 0.2768 0.0914 0.0598
3 0.3233 0.2833 0.0653 0.0760
3 0.3816 0.2667 0.0601 0.0646
3 0.2783 0.2652 0.0379 0.0553
10 0.4811 0.2644 0.0777 0.0756
10 0.9782 0.2738 0.0440 0.0819
3 0.4170 0.2695 0.0340 0.0422
3 0.2401 0.2598 0.0271 0.0289
3 0.0669 0.2455 0.0557 0.0473
3 0.5185 0.2692 0.0776 0.0603
3 0.2595 0.2655 0.0220 0.0372
