4 0.6397 0.6636 0.7200 0.6740
5 0.6761 0.6588 0.6459 0.6644
6 0.7035 0.5306 0.5944 0.4206
7 0.7237 0.4726 0.5537 0.3171
8 0.7552 0.3947 0.4885 0.1895
3 0.8828 0.3569 0.2344 0.1888
10 0.6066 0.3314 0.1506 0.1441
3 0.8033 0.2689 0.0973 0.0659
3 0.5037 0.2759 0.0636 0.0550
3 0.3984 0.2685 0.0468 0.0557
3 0.4299 0.2734 0.0317 0.0374
1 0.3175 0.3142 0.0349 0.0940
3 0.2813 0.2693 0.0377 0.0574
3 0.4550 0.2726 0.0225 0.0232
1 0.5417 0.4376 0.1177 0.3127
3 0.0771 0.2537 0.0574 0.0480
3 0.3556 0.2656 0.0425 0.0592
3 0.2585 0.2657 0.0263 0.0407
3 0.4497 0.2727 0.0244 0.0298
