4 0.6397 0.6636 0.7200 0.6740
5 0.6761 0.6588 0.6459 0.6644
6 0.7035 0.5306 0.5944 0.4206
7 0.7237 0.4726 0.5537 0.3171
8 0.7552 0.3947 0.4885 0.1895
10 0.3780 0.2389 0.1092 0.1684
3 0.4506 0.2534 0.0450 0.0850
3 0.5157 0.2520 0.0659 0.0947
3 0.3106 0.2423 0.0305 0.0658
3 0.7608 0.3926 0.4748 0.4258
3 0.9803 0.2439 0.0388 0.0785
3 0.2446 0.2231 0.0362 0.0368
3 0.2843 0.2226 0.0281 0.0389
3 0.2290 0.2148 0.0204 0.0264
3 0.8095 0.2139 0.0441 0.0310
3 0.8947 0.2249 0.0300 0.0248
3 0.8625 0.2692 0.0875 0.0635
