6 0.4505859375 0.5227430562500001 0.4525390625 0.5192708328125 0.46328125 0.5175347218749999 0.4544921875 0.5088541671875 0.4486328125 0.5088541671875 0.445703125 0.5140625 0.445703125 0.52100694375 0.4505859375 0.5227430562500001
4 0.3705078125 0.588715278125 0.37734375 0.573090278125 0.3783203125 0.5505208328125 0.38125 0.55225694375 0.38125 0.5592013890625 0.3861328125 0.5713541671875 0.3890625 0.5661458328125 0.38515625 0.5487847218749999 0.383203125 0.52100694375 0.38125 0.5175347218749999 0.383203125 0.49322916718750004 0.3705078125 0.47413194374999995 0.3666015625 0.47413194374999995 0.3607421875 0.4810763890625 0.3568359375 0.47760416718750004 0.35390625 0.479340278125 0.355859375 0.4967013890625 0.359765625 0.5071180562500001 0.3578125 0.5557291671875 0.359765625 0.5661458328125 0.3578125 0.573090278125 0.365625 0.5869791671875 0.3705078125 0.588715278125
6 0.3568359375 0.526215278125 0.3578125 0.5140625 0.3529296875 0.5123263890625 0.3509765625 0.5157986109375 0.3451171875 0.5157986109375 0.3392578125 0.5123263890625 0.334375 0.5244791671875 0.3568359375 0.526215278125
4 0.4310546875 0.5852430562500001 0.441796875 0.5626736109375 0.43984375 0.5140625 0.4359375 0.5001736109375 0.4310546875 0.494965278125 0.422265625 0.4967013890625 0.4203125 0.5453125 0.41640625 0.55225694375 0.41640625 0.5592013890625 0.422265625 0.5661458328125 0.42421875 0.573090278125 0.42421875 0.58350694375 0.4310546875 0.5852430562500001
6 0.4134765625 0.5227430562500001 0.418359375 0.5175347218749999 0.4154296875 0.5123263890625 0.3861328125 0.5123263890625 0.38515625 0.52100694375 0.4134765625 0.5227430562500001
6 0.3255859375 0.526215278125 0.328515625 0.5175347218749999 0.2943359375 0.5157986109375 0.29140625 0.5244791671875 0.3255859375 0.526215278125
6 0.5365234375 0.5192708328125 0.5384765625 0.5157986109375 0.5970703125 0.5123263890625 0.598046875 0.5071180562500001 0.5951171875 0.5019097218749999 0.5755859375 0.5019097218749999 0.5736328125 0.50538194375 0.4662109375 0.5088541671875 0.46328125 0.5140625 0.465234375 0.5175347218749999 0.5365234375 0.5192708328125
2 0.5189453125 0.7310763890625 0.5208984375 0.7276041671875 0.5443359375 0.7276041671875 0.55703125 0.7154513890625 0.558984375 0.6529513890625 0.55703125 0.6494791671875 0.55703125 0.61475694375 0.553125 0.5973958328125 0.553125 0.5800347218749999 0.547265625 0.5661458328125 0.547265625 0.5557291671875 0.553125 0.5487847218749999 0.5501953125 0.5401041671875 0.5423828125 0.5401041671875 0.5365234375 0.5296875 0.5267578125 0.5296875 0.5248046875 0.526215278125 0.4896484375 0.526215278125 0.4876953125 0.5296875 0.4759765625 0.5296875 0.457421875 0.5487847218749999 0.4603515625 0.557465278125 0.46328125 0.5592013890625 0.46328125 0.5800347218749999 0.461328125 0.58350694375 0.461328125 0.6876736109375 0.46328125 0.6911458328125 0.46328125 0.70850694375 0.4701171875 0.72413194375 0.4759765625 0.72413194375 0.480859375 0.729340278125 0.5189453125 0.7310763890625
2 0.7416015625 0.9984375 0.742578125 0.9862847218749999 0.734765625 0.9550347218749999 0.734765625 0.9446180562500001 0.730859375 0.9342013890624999 0.730859375 0.9237847218749999 0.7357421875 0.9220486109375001 0.738671875 0.9133680562500001 0.7357421875 0.9046875 0.7240234375 0.901215278125 0.7181640625 0.8873263890624999 0.7083984375 0.8769097218749999 0.6947265625 0.8526041671875 0.6869140625 0.8456597218749999 0.6302734375 0.8456597218749999 0.6283203125 0.84913194375 0.6068359375 0.8526041671875 0.594140625 0.8717013890624999 0.594140625 0.8786458328125001 0.58828125 0.8890625 0.586328125 0.9098958328125001 0.584375 0.9133680562500001 0.586328125 0.9237847218749999 0.584375 0.9342013890624999 0.586328125 0.9376736109375001 0.586328125 0.9828125 0.5892578125 0.9914930562500001 0.59609375 0.9967013890624999 0.7416015625 0.9984375
2 0.9623046875 0.5505208328125 0.9671875 0.541840278125 0.9671875 0.510590278125 0.965234375 0.5001736109375 0.957421875 0.486284721875 0.957421875 0.479340278125 0.9515625 0.4654513890625 0.937890625 0.44461805625000006 0.9369140625 0.439409721875 0.9330078125 0.439409721875 0.9193359375 0.42552083281249997 0.8958984375 0.4220486109375 0.8939453125 0.42552083281249997 0.8919921875 0.4220486109375 0.87734375 0.45850694374999995 0.87734375 0.47239583281249997 0.875390625 0.47586805625000006 0.87734375 0.479340278125 0.87734375 0.49322916718750004 0.8802734375 0.4984375 0.8919921875 0.4984375 0.9095703125 0.5192708328125 0.914453125 0.5279513890625 0.914453125 0.5348958328125 0.9193359375 0.5470486109375 0.9291015625 0.5435763890625 0.9359375 0.5487847218749999 0.9623046875 0.5505208328125
4 0.63125 0.64600694375 0.637109375 0.6321180562500001 0.637109375 0.6217013890625 0.6390625 0.6182291671875 0.637109375 0.6112847218749999 0.637109375 0.5939236109375 0.6390625 0.5904513890625 0.6341796875 0.5748263890625 0.6224609375 0.5748263890625 0.6185546875 0.5782986109375 0.613671875 0.5939236109375 0.61171875 0.6182291671875 0.621484375 0.6286458328125 0.625390625 0.64600694375 0.63125 0.64600694375
4 0.240625 0.7675347218749999 0.246484375 0.7362847218749999 0.250390625 0.729340278125 0.2484375 0.7223958328125 0.2494140625 0.7067708328125 0.2630859375 0.7484375 0.269921875 0.73975694375 0.262109375 0.7223958328125 0.25625 0.6911458328125 0.25625 0.6529513890625 0.258203125 0.6494791671875 0.258203125 0.6390625 0.2552734375 0.6373263890625 0.2513671875 0.6442708328125 0.2455078125 0.6407986109375 0.240625 0.6321180562500001 0.240625 0.6182291671875 0.2337890625 0.6095486109375 0.22890625 0.6182291671875 0.22890625 0.6390625 0.225 0.64600694375 0.225 0.6564236109375 0.22890625 0.666840278125 0.22890625 0.6842013890625 0.230859375 0.6876736109375 0.226953125 0.7050347218749999 0.226953125 0.7467013890625 0.2328125 0.7571180562500001 0.234765625 0.7675347218749999 0.240625 0.7675347218749999
5 0.4734375 0.0953125 0.428125 0.0953125 0.428125 0.1140625 0.4734375 0.1140625 0.4734375 0.0953125
5 0.359375 0.084375 0.325 0.084375 0.325 0.1203125 0.359375 0.1203125 0.359375 0.084375
5 0.25 0.24375 0.2359375 0.24375 0.2359375 0.3140625 0.25 0.3140625 0.25 0.24375