3 0.753125 0.14375 0.7375 0.14375 0.7375 0.2109375 0.753125 0.2109375 0.753125 0.14375
3 0.6265625 0.0453125 0.609375 0.0453125 0.609375 0.075 0.6265625 0.075 0.6265625 0.0453125
3 0.6703125 0.0546875 0.6421875 0.0546875 0.6421875 0.078125 0.6703125 0.078125 0.6703125 0.0546875
3 0.590625 0.04375 0.5578125 0.04375 0.5578125 0.0671875 0.590625 0.0671875 0.590625 0.04375
6 0.680078125 0.35341015625 0.6732421875 0.34483593749999997 0.61171875 0.33969140625 0.6263671875 0.3482656234375 0.680078125 0.35341015625
6 0.594140625 0.33969140625 0.5814453125 0.33111718749999997 0.44912634218749997 0.3133260203125 0.44819651250000003 0.3231278703125 0.594140625 0.33969140625
4 0.615625 0.36026953125 0.6048828125 0.3242578125 0.58828125 0.36369921875 0.590234375 0.40485546875 0.601953125 0.42200390624999995 0.615625 0.38427734375 0.615625 0.36026953125
4 0.613671875 0.45973046875 0.617578125 0.48373828124999996 0.61171875 0.52489453125 0.625390625 0.56605078125 0.637109375 0.54204296875 0.63515625 0.49745703125 0.637109375 0.48030859374999996 0.64296875 0.47344921875 0.6341796875 0.4340078125 0.6283203125 0.4340078125 0.625390625 0.44944140624999995 0.613671875 0.45973046875
2 0.56484375 0.17163671875 0.5541015625 0.1562031234375 0.5345703125 0.1630625 0.5296875 0.18192578125 0.5296875 0.21279296875 0.5365234375 0.2076484375 0.558984375 0.21279296875 0.56484375 0.17163671875
2 0.5033203125 0.12190625 0.4896484375 0.11504687656249998 0.4828125 0.13048046875 0.4828125 0.16134765625 0.508203125 0.16820703125 0.512109375 0.14076953125 0.5033203125 0.12190625
7 0.769921875 0.47001953125 0.7796875 0.33626171875 0.7513671875 0.2933906234375 0.6986328125 0.2831015625 0.69375 0.29510546875 0.691796875 0.32597265625 0.68203125 0.34312109375 0.680078125 0.40485546875 0.6986328125 0.464875 0.7162109375 0.4820234375 0.734765625 0.48030859374999996 0.738671875 0.44601171875 0.746484375 0.43229296875 0.7474609375 0.41 0.754296875 0.41514453125 0.758203125 0.43572265625 0.758203125 0.47001953125 0.7630859375 0.47516406250000004 0.769921875 0.47001953125