6 0.680078125 0.35341015625 0.6732421875 0.34483593749999997 0.6302734375 0.3379765625 0.613671875 0.34312109375 0.680078125 0.35341015625
6 0.590234375 0.33969140625 0.5853515625 0.33111718749999997 0.45546875 0.31911328125 0.4720703125 0.3276875 0.590234375 0.33969140625
4 0.613671875 0.30196484375 0.6068359375 0.2831015625 0.5921875 0.31225390625 0.5921875 0.35683984375 0.605859375 0.36369921875 0.615625 0.32940234375 0.613671875 0.30196484375
7 0.68203125 0.34312109375 0.680078125 0.40828515625 0.691796875 0.43572265625 0.695703125 0.46316015625 0.7201171875 0.4854531234375 0.754296875 0.48716796875 0.769921875 0.47001953125 0.7796875 0.33626171875 0.7513671875 0.2933906234375 0.7044921875 0.2831015625 0.69789055625 0.28473731406249997 0.6923105781250001 0.31659337656250003 0.6816162796875 0.3231278703125 0.68203125 0.34312109375
2 0.50625 0.11676171875000001 0.4916015625 0.1116171875 0.48671875 0.12019140625 0.48671875 0.14076953125 0.50234375 0.14076953125 0.508203125 0.13391015625 0.50625 0.11676171875000001
1 0.566796875 0.08246484375 0.566796875 0.12019140625 0.586328125 0.12362109375000001 0.58828125 0.07903515625 0.5716796875 0.0738906234375 0.566796875 0.08246484375
2 0.4095703125 0.1253359375 0.4037109375 0.1253359375 0.391015625 0.14419921875 0.3939453125 0.1630625 0.406640625 0.16134765625 0.410546875 0.15791796875 0.4095703125 0.1253359375
5 0.590625 0.04375 0.5625 0.04375 0.5625 0.0640625 0.590625 0.0640625 0.590625 0.04375
5 0.625 0.0484375 0.60625 0.0484375 0.60625 0.071875 0.625 0.071875 0.625 0.0484375
5 0.6734375 0.0546875 0.6421875 0.0546875 0.6421875 0.078125 0.6734375 0.078125 0.6734375 0.0546875
5 0.75 0.1390625 0.7375 0.1390625 0.7375 0.20625 0.75 0.20625 0.75 0.1390625