1 0.5375 0.1390625 0.535546875 0.135590278125 0.535546875 0.11822916718750001 0.5248046875 0.11649305624999999 0.521875 0.13211805625 0.523828125 0.14600694375 0.535546875 0.14600694375 0.5375 0.1390625
2 0.60390625 0.22586805625 0.6 0.198090278125 0.5951171875 0.189409721875 0.5892578125 0.1859375 0.58046875 0.19461805625 0.578515625 0.2015625 0.578515625 0.21892361093749999 0.5814453125 0.22413194375 0.60390625 0.22586805625
2 0.6615234375 0.20677083281250003 0.656640625 0.21197916718749998 0.6546875 0.2467013890625 0.6595703125 0.25538194375 0.6712890625 0.251909721875 0.6888671875 0.2657986109375 0.69765625 0.2640625 0.703515625 0.260590278125 0.70546875 0.23975694375 0.703515625 0.2328125 0.6927734375 0.2171875 0.6810546875 0.20677083281250003 0.6771484375 0.21024305625 0.6732421875 0.20677083281250003 0.6615234375 0.20677083281250003
2 0.5287109375 0.5088541671875 0.5296875 0.5036458328125 0.5267578125 0.4984375 0.5208984375 0.4984375 0.5150390625 0.48802083281249997 0.5072265625 0.48802083281249997 0.5052734375 0.4845486109375 0.4603515625 0.4845486109375 0.4525390625 0.4984375 0.4466796875 0.4984375 0.445703125 0.5036458328125 0.4515625 0.510590278125 0.4515625 0.5244791671875 0.441796875 0.5592013890625 0.441796875 0.573090278125 0.43984375 0.5765625 0.43984375 0.61475694375 0.437890625 0.6182291671875 0.43984375 0.6390625 0.4427734375 0.6442708328125 0.4564453125 0.6442708328125 0.4583984375 0.6407986109375 0.4642578125 0.6442708328125 0.521875 0.6425347218749999 0.523828125 0.6390625 0.523828125 0.604340278125 0.52578125 0.6008680562500001 0.52578125 0.5765625 0.523828125 0.573090278125 0.52578125 0.5661458328125 0.523828125 0.5140625 0.5287109375 0.5088541671875
2 0.117578125 0.4967013890625 0.121484375 0.47586805625000006 0.11953125 0.47239583281249997 0.11953125 0.455034721875 0.1048828125 0.4220486109375 0.0873046875 0.4220486109375 0.0853515625 0.42552083281249997 0.0775390625 0.42552083281249997 0.0716796875 0.432465278125 0.0677734375 0.432465278125 0.0599609375 0.439409721875 0.039453125 0.479340278125 0.0296875 0.510590278125 0.0296875 0.541840278125 0.0326171875 0.5505208328125 0.053125 0.55225694375 0.0677734375 0.5470486109375 0.0697265625 0.5435763890625 0.0716796875 0.5470486109375 0.0775390625 0.5470486109375 0.082421875 0.5383680562500001 0.082421875 0.5279513890625 0.1009765625 0.5019097218749999 0.117578125 0.4967013890625
2 0.06875 0.38211805625 0.06875 0.4064236109375 0.0736328125 0.42552083281249997 0.084375 0.423784721875 0.090234375 0.416840278125 0.08828125 0.41336805625000006 0.08828125 0.4029513890625 0.086328125 0.392534721875 0.0833984375 0.3907986109375 0.078515625 0.3751736109375 0.0755859375 0.3734375 0.06875 0.38211805625
2 0.053125 0.44114583281249997 0.0560546875 0.44635416718750004 0.05703125 0.44461805625000006 0.066796875 0.43072916718750004 0.066796875 0.3994791671875 0.06484375 0.39600694375 0.06484375 0.3786458328125 0.0619140625 0.3734375 0.0580078125 0.3734375 0.051171875 0.38211805625 0.053125 0.44114583281249997
2 0.0345703125 0.3838541671875 0.0287109375 0.3907986109375 0.0248046875 0.3907986109375 0.021875 0.39600694375 0.019921875 0.41336805625000006 0.0169921875 0.41510416718750004 0.01015625 0.43072916718750004 0.01015625 0.45850694374999995 0.012109375 0.4689236109375 0.0150390625 0.47413194374999995 0.01796875 0.47239583281249997 0.0189453125 0.4671875 0.0365234375 0.45677083281249997 0.0423828125 0.45677083281249997 0.0453125 0.4515625 0.043359375 0.42725694374999995 0.04140625 0.423784721875 0.0404296875 0.3838541671875 0.0345703125 0.3838541671875
2 0.4271484375 0.21371527812500002 0.4359375 0.21197916718749998 0.4447265625 0.21024305625 0.44765625 0.205034721875 0.44765625 0.18767361093749999 0.4427734375 0.1755208328125 0.4310546875 0.1755208328125 0.42421875 0.1911458328125 0.42421875 0.20850694375 0.4271484375 0.21371527812500002
4 0.375390625 0.573090278125 0.359765625 0.55225694375 0.36171875 0.541840278125 0.3548828125 0.5331597218749999 0.35 0.541840278125 0.34609375 0.5592013890625 0.34609375 0.573090278125 0.35 0.5904513890625 0.35 0.6078125 0.34609375 0.6182291671875 0.344140625 0.6529513890625 0.35 0.6807291671875 0.3578125 0.6807291671875 0.36171875 0.666840278125 0.367578125 0.6564236109375 0.367578125 0.6494791671875 0.3734375 0.6390625 0.3734375 0.6217013890625 0.371484375 0.61475694375 0.3734375 0.6112847218749999 0.375390625 0.573090278125
4 0.1576171875 0.39774305625 0.152734375 0.4064236109375 0.148828125 0.42725694374999995 0.148828125 0.47239583281249997 0.15078125 0.47586805625000006 0.152734375 0.5001736109375 0.15859375 0.5001736109375 0.1654296875 0.4845486109375 0.17421875 0.479340278125 0.176171875 0.4654513890625 0.17421875 0.46197916718750004 0.172265625 0.43072916718750004 0.168359375 0.423784721875 0.16640625 0.41336805625000006 0.1576171875 0.39774305625
4 0.7064453125 0.46024305625000006 0.703515625 0.4689236109375 0.7064453125 0.470659721875 0.709375 0.479340278125 0.7005859375 0.4845486109375 0.691796875 0.4967013890625 0.6986328125 0.4984375 0.7005859375 0.49149305625000006 0.70546875 0.49322916718750004 0.703515625 0.510590278125 0.695703125 0.52100694375 0.695703125 0.5487847218749999 0.6869140625 0.5609375 0.6859375 0.5661458328125 0.6908203125 0.56788194375 0.6947265625 0.557465278125 0.6986328125 0.557465278125 0.709375 0.5696180562500001 0.7123046875 0.5852430562500001 0.7171875 0.58350694375 0.72109375 0.5696180562500001 0.72109375 0.52100694375 0.723046875 0.5175347218749999 0.725 0.49322916718750004 0.72109375 0.486284721875 0.723046875 0.47586805625000006 0.72109375 0.4654513890625 0.7064453125 0.46024305625000006
4 0.85390625 0.604340278125 0.859765625 0.5800347218749999 0.8568359375 0.5713541671875 0.8470703125 0.5748263890625 0.8373046875 0.5956597218749999 0.8265625 0.5973958328125 0.8373046875 0.6060763890625 0.8412109375 0.6026041671875 0.85390625 0.604340278125
4 0.8353515625 0.5123263890625 0.828515625 0.5175347218749999 0.8265625 0.5383680562500001 0.820703125 0.5487847218749999 0.820703125 0.5557291671875 0.808984375 0.573090278125 0.805078125 0.5869791671875 0.8060546875 0.59913194375 0.81484375 0.5973958328125 0.8294921875 0.588715278125 0.832421875 0.58350694375 0.832421875 0.5626736109375 0.8353515625 0.557465278125 0.8392578125 0.557465278125 0.8421875 0.5487847218749999 0.8421875 0.5244791671875 0.8353515625 0.5123263890625
4 0.8568359375 0.5123263890625 0.8529296875 0.5123263890625 0.84609375 0.52100694375 0.85 0.5348958328125 0.85390625 0.5348958328125 0.8578125 0.5279513890625 0.8568359375 0.5123263890625
4 0.8138671875 0.494965278125 0.8119140625 0.4845486109375 0.8060546875 0.4845486109375 0.801171875 0.5140625 0.797265625 0.5244791671875 0.8001953125 0.5296875 0.8060546875 0.5296875 0.8099609375 0.5227430562500001 0.81875 0.5279513890625 0.8236328125 0.526215278125 0.8294921875 0.5123263890625 0.8314453125 0.5157986109375 0.8353515625 0.5123263890625 0.840234375 0.49322916718750004 0.8255859375 0.48802083281249997 0.8216796875 0.494965278125 0.8138671875 0.494965278125
4 0.867578125 0.5800347218749999 0.863671875 0.6182291671875 0.86953125 0.6182291671875 0.8724609375 0.6164930562500001 0.879296875 0.6008680562500001 0.87734375 0.5939236109375 0.87734375 0.58350694375 0.879296875 0.5800347218749999 0.8783203125 0.5644097218749999 0.8744140625 0.5644097218749999 0.867578125 0.5800347218749999
6 0.4410364390625 0.5052853171875 0.4013024265625 0.5018933265625 0.39621646718750003 0.5115039015625 0.45311555937500003 0.5131998515625 0.4410364390625 0.5052853171875
6 0.6927905734375 0.5137651578125 0.5336963296875 0.5090401578125 0.525272390625 0.5216796921875 0.6956513984375 0.52733296875 0.6927905734375 0.5137651578125
5 0.765625 0.240625 0.7515625 0.240625 0.7515625 0.3078125 0.765625 0.3078125 0.765625 0.240625
5 0.6734375 0.084375 0.640625 0.084375 0.640625 0.1203125 0.6734375 0.1203125 0.6734375 0.084375
5 0.5734375 0.0890625 0.5296875 0.0890625 0.5296875 0.115625 0.5734375 0.115625 0.5734375 0.0890625