3 0.7625 0.2375 0.7484375 0.2375 0.7484375 0.3140625 0.7625 0.3140625 0.7625 0.2375
3 0.6703125 0.0859375 0.64375 0.0859375 0.64375 0.11875 0.6703125 0.11875 0.6703125 0.0859375
2 0.11953125 0.49322916718750004 0.11953125 0.455034721875 0.1048828125 0.4220486109375 0.0794921875 0.42552083281249997 0.0638671875 0.439409721875 0.0599609375 0.439409721875 0.039453125 0.479340278125 0.0296875 0.510590278125 0.0296875 0.541840278125 0.0345703125 0.5505208328125 0.0609375 0.5487847218749999 0.0677734375 0.5435763890625 0.0775390625 0.5470486109375 0.082421875 0.5348958328125 0.082421875 0.5279513890625 0.0873046875 0.5192708328125 0.1048828125 0.4984375 0.1166015625 0.4984375 0.11953125 0.49322916718750004
2 0.475 0.3404513890625 0.476953125 0.361284721875 0.475 0.36475694375 0.473046875 0.3994791671875 0.475 0.4029513890625 0.475 0.41336805625000006 0.4779296875 0.4185763890625 0.4876953125 0.4185763890625 0.4896484375 0.41510416718750004 0.5052734375 0.4185763890625 0.5091796875 0.41510416718750004 0.5111328125 0.4185763890625 0.52578125 0.4203125 0.527734375 0.416840278125 0.527734375 0.3473958328125 0.5296875 0.3439236109375 0.5267578125 0.338715278125 0.5169921875 0.3282986109375 0.4876953125 0.3282986109375 0.4798828125 0.338715278125 0.475 0.3404513890625
2 0.6146484375 0.41163194374999995 0.6009765625 0.41163194374999995 0.5990234375 0.408159721875 0.5716796875 0.41163194374999995 0.5609375 0.42725694374999995 0.558984375 0.45850694374999995 0.5609375 0.46197916718750004 0.5609375 0.486284721875 0.562890625 0.48975694374999995 0.562890625 0.5140625 0.56484375 0.5175347218749999 0.56484375 0.5279513890625 0.5677734375 0.5331597218749999 0.6009765625 0.5331597218749999 0.6029296875 0.5296875 0.6107421875 0.5296875 0.6126953125 0.5331597218749999 0.629296875 0.5348958328125 0.63515625 0.5244791671875 0.63515625 0.486284721875 0.633203125 0.4828125 0.629296875 0.4515625 0.625390625 0.44461805625000006 0.625390625 0.43072916718750004 0.6205078125 0.42552083281249997 0.6146484375 0.41163194374999995
2 0.469140625 0.5592013890625 0.4583984375 0.53663194375 0.4447265625 0.526215278125 0.4369140625 0.526215278125 0.4349609375 0.5227430562500001 0.3978515625 0.5227430562500001 0.3939453125 0.526215278125 0.3861328125 0.5435763890625 0.379296875 0.5487847218749999 0.37734375 0.5869791671875 0.3734375 0.6078125 0.367578125 0.6182291671875 0.365625 0.64600694375 0.363671875 0.6494791671875 0.365625 0.6946180562500001 0.3705078125 0.7032986109375 0.3744140625 0.7032986109375 0.3822265625 0.6894097218749999 0.3900390625 0.6894097218749999 0.3919921875 0.69288194375 0.4310546875 0.69288194375 0.4369140625 0.6963541671875 0.4427734375 0.7067708328125 0.4515625 0.7050347218749999 0.453515625 0.6946180562500001 0.453515625 0.6529513890625 0.457421875 0.6425347218749999 0.459375 0.6217013890625 0.4623046875 0.619965278125 0.4671875 0.6078125 0.4671875 0.5661458328125 0.469140625 0.5592013890625
6 0.6625 0.5244791671875 0.6625 0.5175347218749999 0.6595703125 0.5123263890625 0.6517578125 0.5123263890625 0.6498046875 0.5157986109375 0.6380859375 0.5123263890625 0.63515625 0.5175347218749999 0.6380859375 0.526215278125 0.6625 0.5244791671875
4 0.711328125 0.5939236109375 0.707421875 0.5765625 0.7044921875 0.5748263890625 0.7005859375 0.5644097218749999 0.6947265625 0.5644097218749999 0.680078125 0.5939236109375 0.68203125 0.5973958328125 0.680078125 0.604340278125 0.68203125 0.61475694375 0.680078125 0.6182291671875 0.680078125 0.64600694375 0.678125 0.6564236109375 0.683984375 0.6703125 0.68984375 0.7015625 0.6927734375 0.7067708328125 0.69375 0.7050347218749999 0.69765625 0.698090278125 0.69765625 0.6911458328125 0.70546875 0.666840278125 0.703515625 0.6633680562500001 0.703515625 0.6251736109375 0.707421875 0.61475694375 0.707421875 0.6008680562500001 0.711328125 0.5939236109375
6 0.707421875 0.5244791671875 0.7025390625 0.5157986109375 0.66640625 0.5175347218749999 0.6693359375 0.526215278125 0.707421875 0.5244791671875
6 0.4232421875 0.5019097218749999 0.4037109375 0.5019097218749999 0.40078125 0.5071180562500001 0.4017578125 0.5123263890625 0.4603515625 0.5157986109375 0.4623046875 0.5192708328125 0.5248046875 0.5192708328125 0.5267578125 0.5227430562500001 0.5306640625 0.5192708328125 0.5345703125 0.5227430562500001 0.562890625 0.52100694375 0.5619140625 0.5123263890625 0.5541015625 0.5123263890625 0.5521484375 0.5088541671875 0.5384765625 0.5088541671875 0.5326171875 0.5123263890625 0.5306640625 0.5088541671875 0.4251953125 0.50538194375 0.4232421875 0.5019097218749999
4 0.1380859375 0.53663194375 0.133203125 0.5314236109375 0.133203125 0.5036458328125 0.1283203125 0.4984375 0.1224609375 0.4984375 0.11953125 0.5036458328125 0.11953125 0.52100694375 0.117578125 0.5244791671875 0.117578125 0.5383680562500001 0.11953125 0.541840278125 0.117578125 0.5487847218749999 0.117578125 0.5696180562500001 0.1205078125 0.5782986109375 0.125390625 0.5800347218749999 0.1322265625 0.5644097218749999 0.15078125 0.541840278125 0.152734375 0.510590278125 0.1478515625 0.49149305625000006 0.1458984375 0.49149305625000006 0.141015625 0.5036458328125 0.141015625 0.5279513890625 0.1380859375 0.53663194375