3 0.7640625 0.234375 0.753125 0.234375 0.753125 0.3125 0.7640625 0.3125 0.7640625 0.234375
3 0.671875 0.0828125 0.6421875 0.0828125 0.6421875 0.1265625 0.671875 0.1265625 0.671875 0.0828125
2 0.4232421875 0.369965278125 0.4212890625 0.3734375 0.4056640625 0.376909721875 0.3998046875 0.3873263890625 0.3919921875 0.3873263890625 0.387109375 0.39600694375 0.38515625 0.4029513890625 0.38515625 0.416840278125 0.387109375 0.4203125 0.38515625 0.423784721875 0.3880859375 0.432465278125 0.3919921875 0.432465278125 0.3939453125 0.42552083281249997 0.3978515625 0.432465278125 0.402734375 0.423784721875 0.4037109375 0.41510416718750004 0.4095703125 0.41510416718750004 0.410546875 0.42725694374999995 0.414453125 0.4376736109375 0.4232421875 0.4498263890625 0.4330078125 0.44635416718750004 0.433984375 0.45850694374999995 0.4369140625 0.463715278125 0.4408203125 0.463715278125 0.4447265625 0.470659721875 0.457421875 0.4689236109375 0.4662109375 0.463715278125 0.4837890625 0.463715278125 0.492578125 0.4515625 0.490625 0.416840278125 0.4642578125 0.376909721875 0.4486328125 0.36649305625 0.4466796875 0.369965278125 0.4232421875 0.369965278125
2 0.3646484375 0.2484375 0.355859375 0.2640625 0.35390625 0.291840278125 0.3646484375 0.2935763890625 0.3666015625 0.2970486109375 0.3734375 0.2953125 0.3880859375 0.2935763890625 0.396875 0.2848958328125 0.398828125 0.2640625 0.396875 0.2536458328125 0.3919921875 0.24496527812500002 0.3880859375 0.24149305625 0.3744140625 0.24149305625 0.3646484375 0.2484375
4 0.40859375 0.5314236109375 0.410546875 0.541840278125 0.40859375 0.5453125 0.40859375 0.5696180562500001 0.410546875 0.5800347218749999 0.4154296875 0.588715278125 0.41640625 0.5869791671875 0.4251953125 0.5782986109375 0.426171875 0.573090278125 0.4359375 0.5592013890625 0.4359375 0.55225694375 0.43203125 0.5453125 0.4291015625 0.526215278125 0.4095703125 0.5227430562500001 0.40859375 0.5314236109375
4 0.4125 0.510590278125 0.4125 0.47586805625000006 0.4017578125 0.4671875 0.396875 0.479340278125 0.394921875 0.5036458328125 0.4037109375 0.5227430562500001 0.40859375 0.52100694375 0.4125 0.510590278125
4 0.566796875 0.6425347218749999 0.56875 0.6564236109375 0.574609375 0.6564236109375 0.578515625 0.635590278125 0.582421875 0.6321180562500001 0.582421875 0.6251736109375 0.578515625 0.61475694375 0.578515625 0.6008680562500001 0.5638671875 0.59913194375 0.562890625 0.635590278125 0.566796875 0.6425347218749999
4 0.574609375 0.4654513890625 0.5765625 0.486284721875 0.584375 0.5071180562500001 0.5912109375 0.5192708328125 0.594140625 0.5175347218749999 0.594140625 0.510590278125 0.6 0.5036458328125 0.601953125 0.4828125 0.605859375 0.47586805625000006 0.605859375 0.44461805625000006 0.5775390625 0.44288194374999995 0.5765625 0.46197916718750004 0.574609375 0.4654513890625
4 0.676171875 0.5348958328125 0.680078125 0.5036458328125 0.6751953125 0.494965278125 0.6673828125 0.494965278125 0.6625 0.5071180562500001 0.6625 0.5175347218749999 0.6673828125 0.5296875 0.6732421875 0.53663194375 0.676171875 0.5348958328125
4 0.683984375 0.5314236109375 0.683984375 0.541840278125 0.6947265625 0.5505208328125 0.7005859375 0.5644097218749999 0.703515625 0.5626736109375 0.711328125 0.5348958328125 0.707421875 0.5244791671875 0.707421875 0.5140625 0.7044921875 0.5088541671875 0.7005859375 0.5088541671875 0.687890625 0.5175347218749999 0.687890625 0.5244791671875 0.683984375 0.5314236109375
6 0.562890625 0.52100694375 0.5677734375 0.5157986109375 0.5736328125 0.5157986109375 0.574609375 0.510590278125 0.4837890625 0.5088541671875 0.4818359375 0.50538194375 0.445703125 0.5036458328125 0.4466796875 0.5157986109375 0.562890625 0.52100694375
6 0.5970703125 0.5227430562500001 0.6185546875 0.5227430562500001 0.6205078125 0.526215278125 0.656640625 0.5244791671875 0.6625 0.52100694375 0.6595703125 0.5123263890625 0.6498046875 0.5157986109375 0.6478515625 0.5123263890625 0.6009765625 0.5123263890625 0.5970703125 0.5088541671875 0.594140625 0.5175347218749999 0.5970703125 0.5227430562500001
4 0.598046875 0.3717013890625 0.60390625 0.354340278125 0.60390625 0.323090278125 0.6009765625 0.31788194375 0.5892578125 0.31788194375 0.58828125 0.3439236109375 0.594140625 0.3682291671875 0.5970703125 0.3734375 0.598046875 0.3717013890625
4 0.141015625 0.46197916718750004 0.141015625 0.47239583281249997 0.14296875 0.47586805625000006 0.141015625 0.5175347218749999 0.1458984375 0.526215278125 0.146875 0.5244791671875 0.1537109375 0.5088541671875 0.1615234375 0.50538194375 0.168359375 0.49322916718750004 0.168359375 0.4654513890625 0.1634765625 0.463715278125 0.1595703125 0.470659721875 0.1478515625 0.4532986109375 0.141015625 0.46197916718750004