2 0.68203125 0.7987847218749999 0.678125 0.64600694375 0.6556640625 0.619965278125 0.6341796875 0.6095486109375 0.5912109375 0.6095486109375 0.5716796875 0.63038194375 0.56875 0.635590278125 0.570703125 0.823090278125 0.5765625 0.8508680562500001 0.5814453125 0.8595486109375001 0.6126953125 0.8664930562500001 0.6712890625 0.8664930562500001 0.678125 0.8508680562500001 0.68203125 0.7987847218749999
2 0.44375 0.979340278125 0.473046875 0.8057291671875 0.475 0.729340278125 0.4623046875 0.7067708328125 0.4544921875 0.6998263890625 0.4349609375 0.69288194375 0.3998046875 0.69288194375 0.3841796875 0.6998263890625 0.3685546875 0.7171875 0.355859375 0.73975694375 0.3265625 0.8508680562500001 0.324609375 0.8751736109375001 0.31065981875 0.9709447265625 0.3421875 0.9758680562500001 0.3451171875 0.9810763890624999 0.3548828125 0.9880208328125001 0.3880859375 0.994965278125 0.4369140625 0.994965278125 0.44375 0.979340278125
7 0.574609375 0.3473958328125 0.566796875 0.330034721875 0.5599609375 0.31788194375 0.5541015625 0.314409721875 0.5052734375 0.3109375 0.488671875 0.3404513890625 0.48671875 0.354340278125 0.480859375 0.4342013890625 0.4828125 0.47586805625000006 0.4857421875 0.4810763890625 0.5560546875 0.48802083281249997 0.558984375 0.4828125 0.56875 0.423784721875 0.574609375 0.361284721875 0.574609375 0.3473958328125
2 0.476953125 0.41336805625000006 0.473046875 0.3994791671875 0.4525390625 0.3734375 0.4388671875 0.3630208328125 0.4134765625 0.3630208328125 0.3939453125 0.369965278125 0.365625 0.3890625 0.36171875 0.4029513890625 0.36171875 0.41336805625000006 0.363671875 0.423784721875 0.3705078125 0.4359375 0.4212890625 0.4671875 0.4642578125 0.4532986109375 0.47890625 0.44114583281249997 0.476953125 0.41336805625000006
4 0.40078125 0.41336805625000006 0.396875 0.43072916718750004 0.40078125 0.4654513890625 0.4134765625 0.49149305625000006 0.4173828125 0.49149305625000006 0.4203125 0.44114583281249997 0.4095703125 0.408159721875 0.4037109375 0.408159721875 0.40078125 0.41336805625000006
4 0.621484375 0.33350694375 0.613671875 0.354340278125 0.615625 0.3994791671875 0.6185546875 0.4046875 0.6283203125 0.408159721875 0.633203125 0.392534721875 0.633203125 0.3473958328125 0.6283203125 0.3282986109375 0.621484375 0.33350694375
4 0.4466796875 0.307465278125 0.4525390625 0.31788194375 0.459375 0.3161458328125 0.4564453125 0.307465278125 0.4466796875 0.307465278125
4 0.445703125 0.2744791671875 0.445703125 0.291840278125 0.4486328125 0.2970486109375 0.4583984375 0.2970486109375 0.459375 0.27100694375 0.4544921875 0.25538194375 0.449609375 0.260590278125 0.445703125 0.2744791671875
7 0.34609375 0.3126736109375 0.3490234375 0.31788194375 0.3646484375 0.3317708328125 0.3685546875 0.3317708328125 0.3734375 0.323090278125 0.3724609375 0.30399305625 0.3470703125 0.30399305625 0.34609375 0.3126736109375
7 0.3666015625 0.17899305625 0.3529296875 0.189409721875 0.3353515625 0.2171875 0.334375 0.236284721875 0.3470703125 0.2935763890625 0.3900390625 0.2935763890625 0.39296875 0.28836805625 0.39296875 0.1911458328125 0.3880859375 0.17899305625 0.3822265625 0.1755208328125 0.3666015625 0.17899305625
7 0.396875 0.2154513890625 0.39296875 0.22934027812500002 0.3939453125 0.2484375 0.4173828125 0.2484375 0.426171875 0.2328125 0.42421875 0.21197916718749998 0.4173828125 0.20329861093749999 0.4056640625 0.20329861093749999 0.396875 0.2154513890625
6 0.4193359375 0.50538194375 0.418359375 0.510590278125 0.4212890625 0.5157986109375 0.4427734375 0.5192708328125 0.5931640625 0.526215278125 0.6615234375 0.526215278125 0.7061599375000001 0.5275503546875 0.704865203125 0.514604203125 0.4193359375 0.50538194375
3 0.5296875 0.0939236109375 0.5296875 0.111284721875 0.5326171875 0.11649305624999999 0.5677734375 0.11649305624999999 0.570703125 0.1078125 0.5677734375 0.08871527812499999 0.5326171875 0.08871527812499999 0.5296875 0.0939236109375
3 0.7494140625 0.2310763890625 0.7572265625 0.2310763890625 0.762109375 0.22586805625 0.7552734375 0.21024305625 0.7513671875 0.21024305625 0.7484375 0.2154513890625 0.7494140625 0.2310763890625
3 0.750390625 0.28836805625 0.7591796875 0.2901041671875 0.762109375 0.25711805625 0.7591796875 0.251909721875 0.7533203125 0.251909721875 0.750390625 0.25711805625 0.750390625 0.28836805625