3 0.359375 0.0859375 0.3265625 0.0859375 0.3265625 0.1234375 0.359375 0.1234375 0.359375 0.0859375
3 0.4703125 0.090625 0.425 0.090625 0.425 0.1171875 0.4703125 0.1171875 0.4703125 0.090625
3 0.2515625 0.2453125 0.2390625 0.2453125 0.2390625 0.309375 0.2515625 0.309375 0.2515625 0.2453125
6 0.3255859375 0.526215278125 0.328515625 0.5175347218749999 0.2962890625 0.5157986109375 0.293359375 0.52100694375 0.2953125 0.5244791671875 0.3255859375 0.526215278125
6 0.3783203125 0.526215278125 0.38125 0.5175347218749999 0.3783203125 0.5123263890625 0.3392578125 0.5123263890625 0.334375 0.5175347218749999 0.334375 0.5244791671875 0.3783203125 0.526215278125
6 0.5384765625 0.5192708328125 0.5404296875 0.5157986109375 0.5462890625 0.5192708328125 0.5482421875 0.5157986109375 0.5814453125 0.5157986109375 0.5833984375 0.5123263890625 0.5951171875 0.5123263890625 0.59609375 0.5071180562500001 0.5931640625 0.5019097218749999 0.5755859375 0.5019097218749999 0.5736328125 0.50538194375 0.5013671875 0.50538194375 0.4994140625 0.5088541671875 0.4720703125 0.5088541671875 0.469140625 0.5175347218749999 0.5384765625 0.5192708328125
2 0.9623046875 0.5505208328125 0.9671875 0.541840278125 0.9671875 0.510590278125 0.965234375 0.5001736109375 0.957421875 0.486284721875 0.957421875 0.479340278125 0.9515625 0.4654513890625 0.937890625 0.44461805625000006 0.9369140625 0.439409721875 0.9291015625 0.4359375 0.9193359375 0.42552083281249997 0.8919921875 0.4220486109375 0.87734375 0.455034721875 0.875390625 0.479340278125 0.87734375 0.4828125 0.87734375 0.49322916718750004 0.8802734375 0.4984375 0.8919921875 0.4984375 0.9095703125 0.5192708328125 0.914453125 0.5279513890625 0.914453125 0.5348958328125 0.9193359375 0.5470486109375 0.9291015625 0.5435763890625 0.9359375 0.5487847218749999 0.9623046875 0.5505208328125
2 0.5521484375 0.2970486109375 0.553125 0.291840278125 0.5501953125 0.28663194375 0.5287109375 0.28663194375 0.52578125 0.2953125 0.5521484375 0.2970486109375
2 0.5208984375 0.3630208328125 0.5267578125 0.3526041671875 0.5462890625 0.3526041671875 0.5521484375 0.3630208328125 0.5560546875 0.3630208328125 0.55703125 0.3161458328125 0.555078125 0.3092013890625 0.5248046875 0.307465278125 0.51796875 0.323090278125 0.51796875 0.361284721875 0.5208984375 0.3630208328125
2 0.3880859375 0.5921875 0.3958984375 0.5817708328125 0.3978515625 0.5852430562500001 0.4369140625 0.5852430562500001 0.4388671875 0.5817708328125 0.4505859375 0.5817708328125 0.4564453125 0.588715278125 0.4642578125 0.588715278125 0.4671875 0.58350694375 0.4671875 0.5175347218749999 0.469140625 0.5140625 0.469140625 0.4967013890625 0.4671875 0.49322916718750004 0.4671875 0.46197916718750004 0.469140625 0.4515625 0.4505859375 0.4359375 0.4466796875 0.42899305625000006 0.4173828125 0.432465278125 0.4154296875 0.42899305625000006 0.4056640625 0.42899305625000006 0.3978515625 0.4498263890625 0.3900390625 0.4498263890625 0.3890625 0.45850694374999995 0.394921875 0.4654513890625 0.394921875 0.4689236109375 0.39296875 0.47239583281249997 0.39296875 0.4828125 0.38515625 0.5036458328125 0.38515625 0.5140625 0.38125 0.5279513890625 0.383203125 0.5869791671875 0.38515625 0.5904513890625 0.3880859375 0.5921875
4 0.51015625 0.47586805625000006 0.512109375 0.4654513890625 0.51796875 0.455034721875 0.51796875 0.44461805625000006 0.5140625 0.42725694374999995 0.516015625 0.39600694375 0.51015625 0.385590278125 0.51015625 0.3751736109375 0.5072265625 0.369965278125 0.5033203125 0.369965278125 0.50234375 0.385590278125 0.496484375 0.39600694375 0.49453125 0.4064236109375 0.4984375 0.41336805625000006 0.496484375 0.455034721875 0.50625 0.47586805625000006 0.51015625 0.47586805625000006
4 0.3568359375 0.439409721875 0.3607421875 0.42899305625000006 0.365625 0.423784721875 0.367578125 0.4029513890625 0.36953125 0.3994791671875 0.367578125 0.3682291671875 0.3587890625 0.34913194375 0.35390625 0.3578125 0.351953125 0.3682291671875 0.35390625 0.392534721875 0.35 0.41336805625000006 0.35 0.423784721875 0.355859375 0.4376736109375 0.3568359375 0.439409721875
4 0.3294921875 0.9220486109375001 0.332421875 0.916840278125 0.332421875 0.9064236109375001 0.336328125 0.89600694375 0.334375 0.8786458328125001 0.336328125 0.8751736109375001 0.336328125 0.86475694375 0.33046875 0.8508680562500001 0.3333984375 0.8456597218749999 0.3373046875 0.8456597218749999 0.344140625 0.8300347218749999 0.344140625 0.8196180562500001 0.33828125 0.8057291671875 0.336328125 0.7814236109375 0.344140625 0.77100694375 0.344140625 0.7640625 0.3412109375 0.7588541671875 0.3314453125 0.7588541671875 0.328515625 0.7536458328125 0.328515625 0.7362847218749999 0.3236328125 0.7276041671875 0.3197265625 0.7276041671875 0.31484375 0.7328125 0.312890625 0.73975694375 0.312890625 0.760590278125 0.3080078125 0.7623263890625 0.303125 0.77100694375 0.303125 0.7779513890625 0.308984375 0.7883680562500001 0.3109375 0.80225694375 0.31484375 0.8092013890624999 0.312890625 0.8300347218749999 0.31875 0.8404513890624999 0.312890625 0.8439236109375001 0.312890625 0.885590278125 0.3109375 0.8890625 0.3109375 0.9029513890624999 0.3197265625 0.9046875 0.324609375 0.9133680562500001 0.324609375 0.9203125 0.3294921875 0.9220486109375001
2 0.4310546875 0.276215278125 0.4330078125 0.27274305625 0.4447265625 0.27274305625 0.4466796875 0.276215278125 0.4525390625 0.276215278125 0.453515625 0.24322916718749998 0.4515625 0.236284721875 0.4466796875 0.22760416718749998 0.4349609375 0.22760416718749998 0.4310546875 0.2310763890625 0.42421875 0.2467013890625 0.422265625 0.2744791671875 0.4310546875 0.276215278125
2 0.488671875 0.2501736109375 0.490625 0.2328125 0.488671875 0.22934027812500002 0.488671875 0.21892361093749999 0.4818359375 0.20677083281250003 0.4681640625 0.20677083281250003 0.461328125 0.21892361093749999 0.461328125 0.2501736109375 0.46328125 0.2536458328125 0.488671875 0.2501736109375
2 0.6400390625 0.2935763890625 0.641015625 0.27100694375 0.6283203125 0.24496527812500002 0.6068359375 0.24149305625 0.601953125 0.2467013890625 0.598046875 0.260590278125 0.598046875 0.2814236109375 0.6078125 0.291840278125 0.6400390625 0.2935763890625