1 0.4740234375 0.1546875 0.476953125 0.1494791671875 0.476953125 0.135590278125 0.4740234375 0.1234375 0.4662109375 0.11996527812499999 0.461328125 0.12517361093749999 0.461328125 0.1529513890625 0.4740234375 0.1546875
2 0.4154296875 0.22413194375 0.418359375 0.21892361093749999 0.41640625 0.198090278125 0.4115234375 0.189409721875 0.4017578125 0.189409721875 0.396875 0.198090278125 0.39296875 0.22586805625 0.4154296875 0.22413194375
2 0.3080078125 0.2657986109375 0.3119140625 0.2588541671875 0.3177734375 0.2588541671875 0.3216796875 0.2484375 0.3255859375 0.251909721875 0.3392578125 0.251909721875 0.340234375 0.21892361093749999 0.33828125 0.21197916718749998 0.3255859375 0.20677083281250003 0.3216796875 0.2171875 0.3177734375 0.21024305625 0.3138671875 0.21024305625 0.3080078125 0.2171875 0.3041015625 0.2171875 0.2962890625 0.22760416718749998 0.293359375 0.2328125 0.293359375 0.260590278125 0.301171875 0.2640625 0.3080078125 0.2657986109375
2 0.5306640625 0.6442708328125 0.5326171875 0.6407986109375 0.5404296875 0.6407986109375 0.5423828125 0.6442708328125 0.5541015625 0.6442708328125 0.55703125 0.6390625 0.55703125 0.5765625 0.555078125 0.573090278125 0.555078125 0.5592013890625 0.54921875 0.5453125 0.54921875 0.5348958328125 0.5453125 0.5244791671875 0.5453125 0.510590278125 0.5482421875 0.50538194375 0.553125 0.5036458328125 0.5501953125 0.4984375 0.5423828125 0.4984375 0.5384765625 0.48802083281249997 0.5345703125 0.4845486109375 0.5189453125 0.4845486109375 0.5169921875 0.4810763890625 0.5150390625 0.4845486109375 0.4896484375 0.4845486109375 0.4876953125 0.48802083281249997 0.4818359375 0.48802083281249997 0.4759765625 0.4984375 0.4701171875 0.4984375 0.4671875 0.5036458328125 0.4681640625 0.5088541671875 0.473046875 0.5140625 0.473046875 0.6390625 0.475 0.6425347218749999 0.5306640625 0.6442708328125
2 0.9623046875 0.5505208328125 0.9671875 0.541840278125 0.9671875 0.510590278125 0.957421875 0.479340278125 0.9369140625 0.439409721875 0.9291015625 0.432465278125 0.9173828125 0.42552083281249997 0.9095703125 0.42552083281249997 0.9076171875 0.4220486109375 0.8939453125 0.4220486109375 0.8900390625 0.42552083281249997 0.87734375 0.45850694374999995 0.87734375 0.49322916718750004 0.8802734375 0.4984375 0.8919921875 0.4984375 0.9095703125 0.5192708328125 0.914453125 0.5279513890625 0.914453125 0.5348958328125 0.9193359375 0.5470486109375 0.9291015625 0.5435763890625 0.9359375 0.5487847218749999 0.9623046875 0.5505208328125
2 0.92421875 0.42725694374999995 0.92421875 0.416840278125 0.928125 0.4064236109375 0.928125 0.3786458328125 0.9232421875 0.3734375 0.9193359375 0.3734375 0.910546875 0.392534721875 0.90859375 0.41336805625000006 0.906640625 0.416840278125 0.9134765625 0.42552083281249997 0.9203125 0.42725694374999995 0.92421875 0.42725694374999995
2 0.941796875 0.44461805625000006 0.94375 0.4376736109375 0.945703125 0.385590278125 0.9427734375 0.376909721875 0.9349609375 0.3734375 0.93203125 0.3786458328125 0.930078125 0.42725694374999995 0.928125 0.43072916718750004 0.9349609375 0.4359375 0.93984375 0.44461805625000006 0.941796875 0.44461805625000006
2 0.9818359375 0.47413194374999995 0.984765625 0.4689236109375 0.98671875 0.4342013890625 0.975 0.40989583281249997 0.973046875 0.4029513890625 0.975 0.3994791671875 0.9701171875 0.3907986109375 0.9564453125 0.3838541671875 0.95546875 0.4203125 0.953515625 0.423784721875 0.9515625 0.4515625 0.9544921875 0.45677083281249997 0.9720703125 0.463715278125 0.980859375 0.47239583281249997 0.9818359375 0.47413194374999995
2 0.5658203125 0.20329861093749999 0.566796875 0.1807291671875 0.5619140625 0.17204861093749999 0.5501953125 0.17204861093749999 0.5453125 0.1842013890625 0.5453125 0.198090278125 0.547265625 0.2015625 0.5658203125 0.20329861093749999
2 0.5873046875 0.182465278125 0.58828125 0.166840278125 0.5814453125 0.1546875 0.5716796875 0.1546875 0.56875 0.1598958328125 0.56875 0.17725694375 0.570703125 0.1807291671875 0.5873046875 0.182465278125
6 0.545645271875 0.5148038359375 0.5978779078125 0.511864146875 0.59504445625 0.5006727718749999 0.5512652453125 0.5024571625 0.545645271875 0.5148038359375
6 0.3039867578125 0.527150509375 0.47357752968750005 0.51891939375 0.46490433906249995 0.506842378125 0.3059700734375 0.5148038359375 0.3039867578125 0.527150509375
4 0.2845703125 0.5852430562500001 0.285546875 0.5765625 0.2982421875 0.557465278125 0.303125 0.5626736109375 0.3041015625 0.56788194375 0.3109375 0.5661458328125 0.3099609375 0.5609375 0.30703125 0.5592013890625 0.305078125 0.5487847218749999 0.301171875 0.5453125 0.301171875 0.52100694375 0.293359375 0.510590278125 0.29140625 0.5001736109375 0.2943359375 0.49149305625000006 0.2982421875 0.4984375 0.305078125 0.4967013890625 0.2943359375 0.4810763890625 0.2884765625 0.4810763890625 0.285546875 0.47586805625000006 0.2884765625 0.470659721875 0.293359375 0.4689236109375 0.2904296875 0.46024305625000006 0.2787109375 0.463715278125 0.273828125 0.47239583281249997 0.27578125 0.486284721875 0.271875 0.49322916718750004 0.271875 0.5036458328125 0.277734375 0.5314236109375 0.27578125 0.5348958328125 0.27578125 0.55225694375 0.273828125 0.5592013890625 0.277734375 0.5661458328125 0.2796875 0.58350694375 0.2845703125 0.5852430562500001
4 0.707421875 0.9967013890624999 0.707421875 0.9307291671875 0.70546875 0.92725694375 0.70546875 0.9133680562500001 0.707421875 0.9098958328125001 0.707421875 0.8821180562500001 0.715234375 0.8717013890624999 0.7171875 0.8578125 0.7123046875 0.84913194375 0.707421875 0.8473958328125001 0.70546875 0.8404513890624999 0.70546875 0.823090278125 0.7005859375 0.81788194375 0.691796875 0.823090278125 0.6869140625 0.8456597218749999 0.6703125 0.8612847218749999 0.67421875 0.8821180562500001 0.672265625 0.9619791671875 0.676171875 0.9689236109375001 0.672265625 0.9932291671875 0.676171875 0.9967013890624999 0.707421875 0.9967013890624999
4 0.1634765625 0.6026041671875 0.16640625 0.5973958328125 0.1576171875 0.5956597218749999 0.156640625 0.5869791671875 0.1498046875 0.5748263890625 0.1400390625 0.5713541671875 0.137109375 0.5800347218749999 0.14296875 0.604340278125 0.1634765625 0.6026041671875
4 0.1302734375 0.619965278125 0.133203125 0.6112847218749999 0.12734375 0.5800347218749999 0.12734375 0.5696180562500001 0.1244140625 0.5644097218749999 0.1185546875 0.5644097218749999 0.117578125 0.6008680562500001 0.1244140625 0.6164930562500001 0.12734375 0.6182291671875 0.1302734375 0.619965278125
4 0.191796875 0.5973958328125 0.191796875 0.5869791671875 0.187890625 0.573090278125 0.176171875 0.5557291671875 0.1732421875 0.5435763890625 0.1703125 0.541840278125 0.1673828125 0.5157986109375 0.1576171875 0.5192708328125 0.156640625 0.55225694375 0.1615234375 0.5539930562500001 0.164453125 0.5592013890625 0.164453125 0.5800347218749999 0.16640625 0.5869791671875 0.18203125 0.5973958328125 0.191796875 0.5973958328125
4 0.1517578125 0.5401041671875 0.1546875 0.5279513890625 0.1439453125 0.5123263890625 0.1400390625 0.5123263890625 0.1390625 0.5314236109375 0.144921875 0.5383680562500001 0.1517578125 0.5401041671875
4 0.19765625 0.5279513890625 0.19765625 0.5140625 0.1888671875 0.4845486109375 0.1849609375 0.4845486109375 0.1810546875 0.494965278125 0.1771484375 0.494965278125 0.1712890625 0.48802083281249997 0.156640625 0.49322916718750004 0.1615234375 0.5157986109375 0.1673828125 0.5157986109375 0.1771484375 0.526215278125 0.1869140625 0.5227430562500001 0.18984375 0.5279513890625 0.19765625 0.5279513890625
5 0.46875 0.0875 0.428125 0.0875 0.428125 0.1203125 0.46875 0.1203125 0.46875 0.0875
5 0.3578125 0.0875 0.3265625 0.0875 0.3265625 0.1234375 0.3578125 0.1234375 0.3578125 0.0875
5 0.25 0.2359375 0.2359375 0.2359375 0.2359375 0.2984375 0.25 0.2984375 0.25 0.2359375