3 0.5734375 0.0890625 0.53125 0.0890625 0.53125 0.1203125 0.5734375 0.1203125 0.5734375 0.0890625
3 0.671875 0.078125 0.640625 0.078125 0.640625 0.1234375 0.671875 0.1234375 0.671875 0.078125
3 0.7625 0.2375 0.7515625 0.2375 0.7515625 0.3125 0.7625 0.3125 0.7625 0.2375
7 0.496484375 0.541840278125 0.496484375 0.49322916718750004 0.49453125 0.48975694374999995 0.49453125 0.47586805625000006 0.496484375 0.47239583281249997 0.496484375 0.45850694374999995 0.50234375 0.448090278125 0.500390625 0.4376736109375 0.504296875 0.4342013890625 0.5033203125 0.42899305625000006 0.4994140625 0.42899305625000006 0.496484375 0.423784721875 0.496484375 0.3890625 0.49453125 0.385590278125 0.49453125 0.3751736109375 0.3978515625 0.3734375 0.3578125 0.44461805625000006 0.355859375 0.455034721875 0.34609375 0.47586805625000006 0.34609375 0.55225694375 0.348046875 0.5557291671875 0.348046875 0.573090278125 0.35 0.5765625 0.35 0.6321180562500001 0.351953125 0.635590278125 0.351953125 0.6529513890625 0.355859375 0.6737847218749999 0.35390625 0.6807291671875 0.355859375 0.6946180562500001 0.3646484375 0.713715278125 0.3744140625 0.7206597218749999 0.4017578125 0.72413194375 0.4037109375 0.7276041671875 0.473046875 0.7258680562500001 0.476953125 0.70850694375 0.480859375 0.7050347218749999 0.4828125 0.6598958328125 0.484765625 0.6564236109375 0.484765625 0.6425347218749999 0.492578125 0.6008680562500001 0.49453125 0.5453125 0.496484375 0.541840278125
2 0.11953125 0.49322916718750004 0.11953125 0.479340278125 0.121484375 0.47586805625000006 0.11953125 0.47239583281249997 0.11953125 0.45850694374999995 0.1068359375 0.42552083281249997 0.1029296875 0.4220486109375 0.0892578125 0.4220486109375 0.0638671875 0.4359375 0.0599609375 0.439409721875 0.039453125 0.479340278125 0.0296875 0.510590278125 0.0296875 0.541840278125 0.0345703125 0.5505208328125 0.0609375 0.5487847218749999 0.0658203125 0.5435763890625 0.0775390625 0.5470486109375 0.082421875 0.5383680562500001 0.082421875 0.5279513890625 0.0873046875 0.5192708328125 0.1048828125 0.4984375 0.1166015625 0.4984375 0.11953125 0.49322916718750004
4 0.6234375 0.7536458328125 0.62734375 0.7571180562500001 0.62734375 0.7640625 0.6322265625 0.7727430562500001 0.641015625 0.77100694375 0.6478515625 0.7623263890625 0.65078125 0.7536458328125 0.6498046875 0.7067708328125 0.6361328125 0.7067708328125 0.625390625 0.729340278125 0.625390625 0.73975694375 0.6234375 0.7432291671875 0.6234375 0.7536458328125
2 0.5189453125 0.27274305625 0.5228515625 0.2692708328125 0.5326171875 0.2692708328125 0.5345703125 0.2657986109375 0.5443359375 0.27274305625 0.54921875 0.27100694375 0.551171875 0.267534721875 0.54921875 0.2328125 0.5404296875 0.2171875 0.5248046875 0.2171875 0.51796875 0.22934027812500002 0.516015625 0.236284721875 0.516015625 0.267534721875 0.5189453125 0.27274305625
2 0.3568359375 0.2935763890625 0.37734375 0.291840278125 0.38515625 0.28836805625 0.38515625 0.2744791671875 0.3783203125 0.251909721875 0.34609375 0.2536458328125 0.34609375 0.28836805625 0.3490234375 0.2935763890625 0.3529296875 0.2901041671875 0.3568359375 0.2935763890625
2 0.3890625 0.2536458328125 0.396875 0.2536458328125 0.4154296875 0.251909721875 0.42421875 0.24322916718749998 0.42421875 0.21892361093749999 0.4193359375 0.20677083281250003 0.4017578125 0.20677083281250003 0.39296875 0.21892361093749999 0.3890625 0.22934027812500002 0.3890625 0.2536458328125
2 0.441796875 0.260590278125 0.4671875 0.25711805625 0.4671875 0.236284721875 0.4583984375 0.21371527812500002 0.4408203125 0.21024305625 0.43203125 0.22239583281250003 0.430078125 0.24322916718749998 0.4388671875 0.2623263890625 0.441796875 0.260590278125
6 0.66640625 0.52100694375 0.6712890625 0.526215278125 0.707421875 0.5244791671875 0.7025390625 0.5157986109375 0.66640625 0.5175347218749999 0.66640625 0.52100694375
6 0.5267578125 0.5192708328125 0.5287109375 0.5227430562500001 0.6068359375 0.5227430562500001 0.6087890625 0.526215278125 0.6625 0.5244791671875 0.664453125 0.52100694375 0.6595703125 0.5123263890625 0.5814453125 0.5123263890625 0.5794921875 0.5088541671875 0.500390625 0.510590278125 0.500390625 0.5140625 0.5052734375 0.5192708328125 0.5267578125 0.5192708328125