1 0.598046875 0.98975694375 0.601953125 0.95850694375 0.6078125 0.86475694375 0.6234375 0.4515625 0.621484375 0.42725694374999995 0.61171875 0.3994791671875 0.6009765625 0.3873263890625 0.5736328125 0.38038194375 0.5248046875 0.38038194375 0.5208984375 0.3838541671875 0.4984375 0.43072916718750004 0.44765625 0.5696180562500001 0.41640625 0.666840278125 0.410546875 0.7467013890625 0.410546875 0.8508680562500001 0.418359375 0.9723958328125001 0.4232421875 0.9810763890624999 0.4310546875 0.9845486109375001 0.4759765625 0.994965278125 0.5951171875 0.994965278125 0.598046875 0.98975694375
2 0.4544921875 0.3873263890625 0.4173828125 0.3560763890625 0.3861328125 0.3630208328125 0.3685546875 0.3734375 0.348046875 0.392534721875 0.344140625 0.423784721875 0.3490234375 0.4359375 0.4310546875 0.4532986109375 0.4486328125 0.44635416718750004 0.4583984375 0.439409721875 0.46328125 0.43072916718750004 0.461328125 0.4029513890625 0.4544921875 0.3873263890625
4 0.396875 0.4342013890625 0.396875 0.5001736109375 0.4076171875 0.5192708328125 0.418359375 0.49322916718750004 0.4203125 0.4376736109375 0.4095703125 0.408159721875 0.402734375 0.40989583281249997 0.396875 0.4342013890625
7 0.5072265625 0.1859375 0.500390625 0.198090278125 0.496484375 0.23975694375 0.4984375 0.2640625 0.5306640625 0.2692708328125 0.53359375 0.260590278125 0.53359375 0.205034721875 0.531640625 0.19461805625 0.5267578125 0.1859375 0.5072265625 0.1859375
2 0.5814453125 0.33524305625 0.5775390625 0.338715278125 0.574609375 0.3439236109375 0.574609375 0.3751736109375 0.5794921875 0.3838541671875 0.6185546875 0.41510416718750004 0.6234375 0.40989583281249997 0.6224609375 0.345659721875 0.6146484375 0.33524305625 0.5814453125 0.33524305625
3 0.5296875 0.0939236109375 0.5296875 0.111284721875 0.5326171875 0.11649305624999999 0.5677734375 0.11649305624999999 0.570703125 0.10434027812499999 0.5677734375 0.08871527812499999 0.5326171875 0.08871527812499999 0.5296875 0.0939236109375
3 0.7513671875 0.23802083281250003 0.7591796875 0.2310763890625 0.762109375 0.21892361093749999 0.7572265625 0.20677083281250003 0.750390625 0.20850694375 0.7484375 0.2328125 0.7513671875 0.23802083281250003
3 0.7572265625 0.23802083281250003 0.750390625 0.2467013890625 0.7484375 0.298784721875 0.75234375 0.3126736109375 0.7572265625 0.314409721875 0.762109375 0.3092013890625 0.7640625 0.298784721875 0.7640625 0.2467013890625 0.7611328125 0.23802083281250003 0.7572265625 0.23802083281250003
2 0.475 0.47586805625000006 0.4759765625 0.48802083281249997 0.488671875 0.4654513890625 0.50625 0.416840278125 0.508203125 0.4029513890625 0.4955078125 0.401215278125 0.4828125 0.416840278125 0.475 0.47586805625000006
6 0.6243892921875001 0.5241680625 0.7092710484375 0.5232426953125 0.7004183671875001 0.51306390625 0.6233478156250001 0.512138575 0.6243892921875001 0.5241680625
6 0.4702482265625 0.5001090515625 0.418694278125 0.5019597499999999 0.41623364374999994 0.5121621671875001 0.46764449218750004 0.5139892374999999 0.4702482265625 0.5001090515625