4 0.644921875 0.5140625 0.648828125 0.5001736109375 0.646875 0.4654513890625 0.6341796875 0.463715278125 0.63125 0.4828125 0.633203125 0.486284721875 0.63515625 0.510590278125 0.6380859375 0.5157986109375 0.644921875 0.5140625
6 0.703515625 0.5244791671875 0.7025390625 0.5157986109375 0.668359375 0.5175347218749999 0.6693359375 0.526215278125 0.703515625 0.5244791671875
6 0.4564453125 0.5088541671875 0.4505859375 0.50538194375 0.40078125 0.5036458328125 0.4017578125 0.5123263890625 0.4154296875 0.5123263890625 0.4173828125 0.5157986109375 0.457421875 0.5140625 0.4564453125 0.5088541671875
6 0.5912109375 0.5157986109375 0.5853515625 0.5088541671875 0.5541015625 0.5088541671875 0.5453125 0.5140625 0.5462890625 0.5227430562500001 0.5951171875 0.5227430562500001 0.5970703125 0.526215278125 0.6029296875 0.526215278125 0.6048828125 0.5227430562500001 0.6146484375 0.5227430562500001 0.6166015625 0.526215278125 0.6625 0.5244791671875 0.6625 0.5175347218749999 0.6576171875 0.5123263890625 0.6361328125 0.5157986109375 0.6341796875 0.5123263890625 0.6087890625 0.5123263890625 0.6048828125 0.5088541671875 0.5970703125 0.5157986109375 0.5912109375 0.5157986109375
2 0.5462890625 0.5088541671875 0.5521484375 0.5088541671875 0.553125 0.5001736109375 0.5482421875 0.494965278125 0.5404296875 0.494965278125 0.5375 0.486284721875 0.5306640625 0.47760416718750004 0.4759765625 0.47760416718750004 0.4662109375 0.49149305625000006 0.4544921875 0.494965278125 0.453515625 0.5036458328125 0.46328125 0.5140625 0.46328125 0.5244791671875 0.459375 0.5348958328125 0.459375 0.55225694375 0.45546875 0.5626736109375 0.45546875 0.5800347218749999 0.4515625 0.5939236109375 0.4515625 0.6286458328125 0.449609375 0.6321180562500001 0.4515625 0.635590278125 0.4515625 0.6564236109375 0.453515625 0.6633680562500001 0.4564453125 0.6685763890625 0.4623046875 0.6685763890625 0.4642578125 0.6720486109375 0.5306640625 0.6755208328125 0.5384765625 0.682465278125 0.5453125 0.6807291671875 0.54921875 0.6633680562500001 0.54921875 0.6078125 0.547265625 0.604340278125 0.547265625 0.5626736109375 0.5453125 0.5592013890625 0.5453125 0.5244791671875 0.543359375 0.5140625 0.5462890625 0.5088541671875
2 0.11953125 0.4828125 0.121484375 0.479340278125 0.11953125 0.455034721875 0.1048828125 0.4220486109375 0.0892578125 0.4220486109375 0.0638671875 0.4359375 0.0599609375 0.439409721875 0.039453125 0.479340278125 0.0296875 0.510590278125 0.0296875 0.541840278125 0.0345703125 0.5505208328125 0.0609375 0.5487847218749999 0.0775390625 0.5470486109375 0.082421875 0.5348958328125 0.082421875 0.5279513890625 0.0873046875 0.5192708328125 0.1048828125 0.4984375 0.1166015625 0.4984375 0.11953125 0.49322916718750004 0.11953125 0.4828125
7 0.430078125 0.9967013890624999 0.4359375 0.98975694375 0.44375 0.9446180562500001 0.44375 0.9307291671875 0.44765625 0.9098958328125001 0.44765625 0.885590278125 0.449609375 0.8821180562500001 0.44765625 0.8786458328125001 0.449609375 0.8751736109375001 0.4515625 0.8161458328125001 0.453515625 0.8126736109375001 0.453515625 0.791840278125 0.45546875 0.7883680562500001 0.45546875 0.7571180562500001 0.457421875 0.7536458328125 0.45546875 0.6807291671875 0.44765625 0.6598958328125 0.44765625 0.6217013890625 0.4427734375 0.6130208328125 0.3177734375 0.6095486109375 0.303125 0.6390625 0.303125 0.64600694375 0.2875 0.6807291671875 0.277734375 0.7119791671875 0.2640625 0.7432291671875 0.2640625 0.7501736109375 0.25625 0.7640625 0.250390625 0.7848958328125 0.234765625 0.8196180562500001 0.234765625 0.83350694375 0.238671875 0.854340278125 0.238671875 0.8751736109375001 0.24453125 0.9029513890624999 0.24453125 0.916840278125 0.246484375 0.9203125 0.246484375 0.9342013890624999 0.2484375 0.9376736109375001 0.2484375 0.9515625 0.250390625 0.9550347218749999 0.254296875 0.98975694375 0.2572265625 0.994965278125 0.2650390625 0.994965278125 0.2669921875 0.9984375 0.2728515625 0.9984375 0.2748046875 0.994965278125 0.3021484375 0.994965278125 0.3041015625 0.9984375 0.3138671875 0.9984375 0.3158203125 0.994965278125 0.3216796875 0.9984375 0.3294921875 0.9984375 0.3314453125 0.994965278125 0.3353515625 0.9984375 0.3685546875 0.9984375 0.3705078125 0.994965278125 0.3744140625 0.9984375 0.4056640625 0.9984375 0.4076171875 0.994965278125 0.4193359375 0.994965278125 0.4212890625 0.9984375 0.430078125 0.9967013890624999
3 0.5703125 0.0921875 0.5296875 0.0921875 0.5296875 0.1171875 0.5703125 0.1171875 0.5703125 0.0921875
3 0.671875 0.084375 0.6390625 0.084375 0.6390625 0.13125 0.671875 0.13125 0.671875 0.084375
3 0.7640625 0.2390625 0.75 0.2390625 0.75 0.3046875 0.7640625 0.3046875 0.7640625 0.2390625
4 0.582421875 0.47239583281249997 0.58046875 0.47586805625000006 0.582421875 0.479340278125 0.578515625 0.49322916718750004 0.5794921875 0.5019097218749999 0.5892578125 0.5019097218749999 0.590234375 0.510590278125 0.5931640625 0.5157986109375 0.594140625 0.5140625 0.5970703125 0.50538194375 0.6029296875 0.50538194375 0.605859375 0.5001736109375 0.601953125 0.46197916718750004 0.5951171875 0.4532986109375 0.5931640625 0.45677083281249997 0.582421875 0.45850694374999995 0.582421875 0.47239583281249997