7 0.4896484375 0.22760416718749998 0.4935546875 0.2310763890625 0.4984375 0.22586805625 0.4984375 0.21197916718749998 0.500390625 0.20850694375 0.500390625 0.1703125 0.4974609375 0.16163194375 0.4681640625 0.16163194375 0.465234375 0.166840278125 0.4671875 0.1703125 0.4671875 0.1807291671875 0.465234375 0.1842013890625 0.4671875 0.18767361093749999 0.4671875 0.21892361093749999 0.469140625 0.22934027812500002 0.4896484375 0.22760416718749998
7 0.58828125 0.510590278125 0.58828125 0.4376736109375 0.586328125 0.4342013890625 0.584375 0.39600694375 0.5755859375 0.38038194375 0.5443359375 0.3734375 0.54140625 0.3786458328125 0.54140625 0.3890625 0.535546875 0.3994791671875 0.535546875 0.42725694374999995 0.53359375 0.43072916718750004 0.53359375 0.4967013890625 0.5384765625 0.5123263890625 0.5423828125 0.5123263890625 0.5462890625 0.50538194375 0.5755859375 0.50538194375 0.5775390625 0.5019097218749999 0.582421875 0.5140625 0.58828125 0.510590278125
2 0.5287109375 0.2692708328125 0.5326171875 0.2657986109375 0.5384765625 0.2692708328125 0.5443359375 0.2588541671875 0.5521484375 0.2588541671875 0.5541015625 0.2623263890625 0.55703125 0.25711805625 0.55703125 0.2328125 0.5521484375 0.22413194375 0.5462890625 0.220659721875 0.5267578125 0.220659721875 0.508203125 0.2501736109375 0.508203125 0.267534721875 0.5287109375 0.2692708328125
2 0.6087890625 0.2935763890625 0.609765625 0.28836805625 0.6029296875 0.283159721875 0.5794921875 0.283159721875 0.5765625 0.291840278125 0.6087890625 0.2935763890625
2 0.6048828125 0.3560763890625 0.6146484375 0.33524305625 0.6234375 0.33350694375 0.625390625 0.3126736109375 0.6224609375 0.30399305625 0.5755859375 0.30399305625 0.5736328125 0.307465278125 0.5677734375 0.307465278125 0.56484375 0.3126736109375 0.562890625 0.3404513890625 0.5658203125 0.34913194375 0.5716796875 0.345659721875 0.5931640625 0.345659721875 0.601953125 0.354340278125 0.6048828125 0.3560763890625
2 0.9623046875 0.5505208328125 0.9671875 0.541840278125 0.9671875 0.510590278125 0.965234375 0.5001736109375 0.959375 0.48975694374999995 0.9515625 0.4654513890625 0.937890625 0.44461805625000006 0.9369140625 0.439409721875 0.9291015625 0.4359375 0.9193359375 0.42552083281249997 0.9095703125 0.42552083281249997 0.9076171875 0.4220486109375 0.8939453125 0.4220486109375 0.8900390625 0.42552083281249997 0.87734375 0.455034721875 0.87734375 0.48975694374999995 0.879296875 0.4967013890625 0.8958984375 0.5019097218749999 0.914453125 0.5279513890625 0.914453125 0.5348958328125 0.9193359375 0.5470486109375 0.9291015625 0.5435763890625 0.9359375 0.5487847218749999 0.9623046875 0.5505208328125
4 0.8587890625 0.5123263890625 0.863671875 0.5001736109375 0.86171875 0.448090278125 0.8568359375 0.439409721875 0.8548828125 0.44288194374999995 0.8490234375 0.44288194374999995 0.848046875 0.455034721875 0.8451171875 0.46024305625000006 0.8421875 0.4515625 0.844140625 0.448090278125 0.8421875 0.44114583281249997 0.8392578125 0.439409721875 0.834375 0.455034721875 0.834375 0.479340278125 0.8392578125 0.48802083281249997 0.8509765625 0.494965278125 0.855859375 0.510590278125 0.8587890625 0.5123263890625
6 0.3255859375 0.526215278125 0.328515625 0.5175347218749999 0.2943359375 0.5157986109375 0.29140625 0.5244791671875 0.3255859375 0.526215278125
6 0.3900390625 0.526215278125 0.3919921875 0.5227430562500001 0.4603515625 0.5227430562500001 0.4623046875 0.526215278125 0.4701171875 0.5192708328125 0.5052734375 0.5192708328125 0.5072265625 0.5157986109375 0.5267578125 0.5157986109375 0.5296875 0.510590278125 0.4232421875 0.5088541671875 0.4212890625 0.5123263890625 0.3392578125 0.5123263890625 0.334375 0.5175347218749999 0.334375 0.5244791671875 0.3900390625 0.526215278125
3 0.471875 0.0921875 0.428125 0.0921875 0.428125 0.1140625 0.471875 0.1140625 0.471875 0.0921875
3 0.3578125 0.0828125 0.3296875 0.0828125 0.3296875 0.1171875 0.3578125 0.1171875 0.3578125 0.0828125