6 0.70546875 0.5244791671875 0.7025390625 0.5157986109375 0.66640625 0.5175347218749999 0.6693359375 0.526215278125 0.70546875 0.5244791671875
6 0.4916015625 0.5088541671875 0.4896484375 0.50538194375 0.4212890625 0.50538194375 0.4193359375 0.5019097218749999 0.4037109375 0.5019097218749999 0.40078125 0.5071180562500001 0.4017578125 0.5123263890625 0.4076171875 0.5123263890625 0.4095703125 0.5157986109375 0.4408203125 0.5157986109375 0.4427734375 0.5192708328125 0.5228515625 0.5192708328125 0.5287109375 0.5227430562500001 0.531640625 0.5279513890625 0.5326171875 0.53663194375 0.535546875 0.5348958328125 0.535546875 0.5279513890625 0.5404296875 0.5227430562500001 0.5775390625 0.5227430562500001 0.5794921875 0.526215278125 0.6615234375 0.526215278125 0.6625 0.5175347218749999 0.6595703125 0.5123263890625 0.4916015625 0.5088541671875
4 0.453515625 0.7675347218749999 0.4515625 0.7258680562500001 0.457421875 0.7189236109375 0.461328125 0.7050347218749999 0.4564453125 0.6963541671875 0.4486328125 0.69288194375 0.441796875 0.6807291671875 0.441796875 0.6703125 0.44375 0.666840278125 0.441796875 0.6598958328125 0.4388671875 0.6546875 0.4330078125 0.6546875 0.428125 0.6633680562500001 0.430078125 0.6842013890625 0.4271484375 0.6894097218749999 0.418359375 0.6876736109375 0.4203125 0.698090278125 0.41640625 0.7119791671875 0.4212890625 0.7206597218749999 0.426171875 0.7223958328125 0.42421875 0.7258680562500001 0.426171875 0.7536458328125 0.4203125 0.7675347218749999 0.422265625 0.7848958328125 0.41640625 0.7987847218749999 0.41640625 0.8126736109375001 0.426171875 0.8369791671875 0.426171875 0.8439236109375001 0.430078125 0.854340278125 0.4330078125 0.8595486109375001 0.437890625 0.8578125 0.441796875 0.8473958328125001 0.441796875 0.8404513890624999 0.449609375 0.8300347218749999 0.45546875 0.8057291671875 0.45546875 0.7883680562500001 0.453515625 0.7848958328125 0.45546875 0.77100694375 0.453515625 0.7675347218749999
4 0.76015625 0.7640625 0.76015625 0.7501736109375 0.758203125 0.73975694375 0.754296875 0.7328125 0.754296875 0.7223958328125 0.75625 0.7189236109375 0.7513671875 0.7067708328125 0.7455078125 0.7067708328125 0.742578125 0.7119791671875 0.742578125 0.7223958328125 0.7376953125 0.7345486109375 0.7279296875 0.7380208328125 0.72109375 0.7467013890625 0.72109375 0.760590278125 0.723046875 0.7640625 0.723046875 0.8265625 0.725 0.8300347218749999 0.725 0.854340278125 0.72890625 0.8682291671875 0.73671875 0.8786458328125001 0.73671875 0.8925347218749999 0.742578125 0.89600694375 0.750390625 0.8821180562500001 0.750390625 0.8751736109375001 0.754296875 0.86475694375 0.754296875 0.8404513890624999 0.75625 0.8369791671875 0.754296875 0.7744791671875 0.75625 0.7675347218749999 0.76015625 0.7640625
4 0.4173828125 0.376909721875 0.410546875 0.3994791671875 0.40859375 0.4203125 0.414453125 0.4342013890625 0.414453125 0.455034721875 0.418359375 0.4654513890625 0.418359375 0.47586805625000006 0.422265625 0.47586805625000006 0.43203125 0.448090278125 0.43203125 0.42725694374999995 0.430078125 0.423784721875 0.430078125 0.4029513890625 0.428125 0.39600694375 0.42421875 0.3890625 0.422265625 0.3786458328125 0.4173828125 0.376909721875
4 0.570703125 0.354340278125 0.570703125 0.3890625 0.574609375 0.4029513890625 0.5775390625 0.408159721875 0.58046875 0.4064236109375 0.58046875 0.3994791671875 0.584375 0.392534721875 0.584375 0.3473958328125 0.58046875 0.3369791671875 0.58046875 0.3265625 0.5755859375 0.3248263890625 0.56875 0.3473958328125 0.570703125 0.354340278125
2 0.4486328125 0.314409721875 0.44375 0.3265625 0.44375 0.3439236109375 0.43984375 0.361284721875 0.43984375 0.39600694375 0.4447265625 0.39774305625 0.4525390625 0.3873263890625 0.4740234375 0.3873263890625 0.4798828125 0.39774305625 0.484765625 0.39600694375 0.4828125 0.3404513890625 0.48671875 0.33350694375 0.4818359375 0.3282986109375 0.47890625 0.3161458328125 0.4740234375 0.3109375 0.4564453125 0.3109375 0.4544921875 0.314409721875 0.4486328125 0.314409721875
2 0.11953125 0.49322916718750004 0.11953125 0.479340278125 0.121484375 0.47586805625000006 0.11953125 0.47239583281249997 0.11953125 0.455034721875 0.1048828125 0.4220486109375 0.0873046875 0.4220486109375 0.0638671875 0.4359375 0.0599609375 0.439409721875 0.039453125 0.479340278125 0.039453125 0.486284721875 0.03359375 0.4967013890625 0.027734375 0.52100694375 0.0296875 0.541840278125 0.0326171875 0.5505208328125 0.053125 0.55225694375 0.0619140625 0.5470486109375 0.0775390625 0.5470486109375 0.082421875 0.5348958328125 0.082421875 0.5279513890625 0.0873046875 0.5192708328125 0.1048828125 0.4984375 0.1166015625 0.4984375 0.11953125 0.49322916718750004
2 0.648828125 0.7189236109375 0.64296875 0.6703125 0.6390625 0.6598958328125 0.6419921875 0.651215278125 0.6458984375 0.651215278125 0.65078125 0.6425347218749999 0.6458984375 0.6338541671875 0.6361328125 0.6338541671875 0.6263671875 0.6164930562500001 0.6009765625 0.6026041671875 0.5580078125 0.6026041671875 0.5501953125 0.6095486109375 0.5443359375 0.6095486109375 0.5365234375 0.6269097218749999 0.527734375 0.635590278125 0.527734375 0.6425347218749999 0.53359375 0.6494791671875 0.53359375 0.6703125 0.531640625 0.6737847218749999 0.531640625 0.7189236109375 0.53359375 0.7223958328125 0.53359375 0.8578125 0.5384765625 0.8664930562500001 0.5501953125 0.8664930562500001 0.5521484375 0.869965278125 0.65078125 0.8682291671875 0.65859375 0.8578125 0.660546875 0.8473958328125001 0.660546875 0.823090278125 0.6625 0.8196180562500001 0.6625 0.7779513890625 0.65859375 0.760590278125 0.65859375 0.7467013890625 0.648828125 0.7189236109375
2 0.531640625 0.2814236109375 0.53359375 0.2744791671875 0.53359375 0.24322916718749998 0.5267578125 0.2310763890625 0.5111328125 0.22760416718749998 0.50234375 0.23975694375 0.500390625 0.2501736109375 0.5013671875 0.2796875 0.531640625 0.2814236109375
2 0.58046875 0.2744791671875 0.5736328125 0.25538194375 0.5521484375 0.25538194375 0.547265625 0.2640625 0.5453125 0.2953125 0.5482421875 0.3005208328125 0.582421875 0.298784721875 0.58046875 0.2744791671875
2 0.36953125 0.3369791671875 0.38515625 0.3161458328125 0.3841796875 0.30399305625 0.34609375 0.30225694375 0.34609375 0.3161458328125 0.3490234375 0.3213541671875 0.3568359375 0.3213541671875 0.3666015625 0.338715278125 0.36953125 0.3369791671875
2 0.3490234375 0.2970486109375 0.36953125 0.2953125 0.3841796875 0.2935763890625 0.387109375 0.2848958328125 0.38515625 0.2779513890625 0.3763671875 0.2657986109375 0.3529296875 0.2692708328125 0.34609375 0.2814236109375 0.34609375 0.291840278125 0.3490234375 0.2970486109375
3 0.671875 0.08125 0.64375 0.08125 0.64375 0.1265625 0.671875 0.1265625 0.671875 0.08125
3 0.7625 0.2390625 0.7515625 0.2390625 0.7515625 0.3046875 0.7625 0.3046875 0.7625 0.2390625