2 0.469140625 0.291840278125 0.469140625 0.2848958328125 0.4642578125 0.276215278125 0.4583984375 0.27274305625 0.4544921875 0.276215278125 0.4388671875 0.276215278125 0.43203125 0.28836805625 0.4330078125 0.2935763890625 0.469140625 0.291840278125
2 0.428125 0.323090278125 0.4359375 0.3369791671875 0.4369140625 0.345659721875 0.4486328125 0.338715278125 0.4662109375 0.338715278125 0.4701171875 0.345659721875 0.475 0.3439236109375 0.475 0.31961805625 0.4720703125 0.307465278125 0.4505859375 0.307465278125 0.4486328125 0.30399305625 0.4330078125 0.307465278125 0.4310546875 0.30399305625 0.428125 0.3092013890625 0.428125 0.323090278125
2 0.535546875 0.236284721875 0.5375 0.2328125 0.5375 0.20850694375 0.5345703125 0.1998263890625 0.5306640625 0.1963541671875 0.5189453125 0.1963541671875 0.512109375 0.20850694375 0.5111328125 0.23454861093749999 0.535546875 0.236284721875
2 0.5443359375 0.2588541671875 0.56875 0.260590278125 0.570703125 0.25711805625 0.570703125 0.24322916718749998 0.5658203125 0.220659721875 0.5619140625 0.2171875 0.5482421875 0.2171875 0.543359375 0.22586805625 0.54140625 0.2536458328125 0.5443359375 0.2588541671875
2 0.5736328125 0.3734375 0.5716796875 0.369965278125 0.5423828125 0.369965278125 0.5306640625 0.3873263890625 0.5267578125 0.3838541671875 0.523828125 0.3890625 0.527734375 0.3994791671875 0.527734375 0.48975694374999995 0.5306640625 0.494965278125 0.5365234375 0.494965278125 0.5443359375 0.4845486109375 0.5462890625 0.48802083281249997 0.5873046875 0.48802083281249997 0.5912109375 0.4984375 0.59609375 0.4967013890625 0.598046875 0.48975694374999995 0.598046875 0.4376736109375 0.58828125 0.4064236109375 0.594140625 0.392534721875 0.5912109375 0.3873263890625 0.5873046875 0.3873263890625 0.5814453125 0.3734375 0.5736328125 0.3734375
2 0.11953125 0.47239583281249997 0.11953125 0.45850694374999995 0.1068359375 0.42552083281249997 0.1029296875 0.4220486109375 0.0892578125 0.4220486109375 0.0638671875 0.4359375 0.0599609375 0.439409721875 0.039453125 0.479340278125 0.039453125 0.486284721875 0.03359375 0.4967013890625 0.0296875 0.510590278125 0.0296875 0.541840278125 0.031640625 0.5487847218749999 0.0609375 0.5487847218749999 0.0658203125 0.5435763890625 0.0775390625 0.5470486109375 0.082421875 0.5348958328125 0.082421875 0.5279513890625 0.1009765625 0.5019097218749999 0.117578125 0.4967013890625 0.121484375 0.47586805625000006 0.11953125 0.47239583281249997
6 0.4310546875 0.5019097218749999 0.40078125 0.5036458328125 0.4017578125 0.5157986109375 0.4369140625 0.5157986109375 0.4388671875 0.5192708328125 0.5091796875 0.5192708328125 0.5111328125 0.5227430562500001 0.5287109375 0.5227430562500001 0.5306640625 0.526215278125 0.5365234375 0.526215278125 0.5384765625 0.5227430562500001 0.5892578125 0.5227430562500001 0.5912109375 0.526215278125 0.6390625 0.5244791671875 0.6390625 0.5175347218749999 0.6361328125 0.5123263890625 0.5990234375 0.5123263890625 0.5970703125 0.5088541671875 0.5033203125 0.5088541671875 0.5013671875 0.50538194375 0.4330078125 0.50538194375 0.4310546875 0.5019097218749999
4 0.6625 0.5071180562500001 0.660546875 0.49322916718750004 0.6537109375 0.4845486109375 0.648828125 0.49322916718750004 0.648828125 0.5036458328125 0.641015625 0.5175347218749999 0.644921875 0.5314236109375 0.641015625 0.5453125 0.633203125 0.5557291671875 0.63125 0.5626736109375 0.63125 0.5800347218749999 0.6341796875 0.588715278125 0.6439453125 0.588715278125 0.648828125 0.5973958328125 0.65078125 0.6112847218749999 0.6537109375 0.6164930562500001 0.656640625 0.61475694375 0.664453125 0.5973958328125 0.6654296875 0.588715278125 0.6751953125 0.588715278125 0.678125 0.58350694375 0.680078125 0.55225694375 0.672265625 0.5383680562500001 0.668359375 0.52100694375 0.6625 0.5071180562500001
4 0.668359375 0.9133680562500001 0.668359375 0.89600694375 0.652734375 0.8717013890624999 0.6546875 0.86475694375 0.6546875 0.8473958328125001 0.6498046875 0.838715278125 0.6419921875 0.838715278125 0.637109375 0.8508680562500001 0.637109375 0.86475694375 0.6390625 0.8682291671875 0.6322265625 0.88038194375 0.6224609375 0.88038194375 0.615625 0.8925347218749999 0.615625 0.9029513890624999 0.621484375 0.9133680562500001 0.61953125 0.916840278125 0.61953125 0.9342013890624999 0.617578125 0.9376736109375001 0.617578125 0.9758680562500001 0.61953125 0.979340278125 0.61953125 0.98975694375 0.617578125 0.9932291671875 0.6224609375 0.9984375 0.6546875 0.9967013890624999 0.656640625 0.9932291671875 0.6546875 0.9654513890624999 0.6576171875 0.9567708328125001 0.6615234375 0.9567708328125001 0.664453125 0.9515625 0.660546875 0.9307291671875 0.6625 0.9203125 0.668359375 0.9133680562500001
4 0.50625 0.330034721875 0.504296875 0.361284721875 0.508203125 0.3682291671875 0.5091796875 0.376909721875 0.5140625 0.3751736109375 0.519921875 0.3578125 0.519921875 0.3473958328125 0.51796875 0.3439236109375 0.519921875 0.31961805625 0.5130859375 0.307465278125 0.5091796875 0.307465278125 0.504296875 0.31961805625 0.50625 0.330034721875
3 0.5734375 0.0984375 0.534375 0.0984375 0.534375 0.1171875 0.5734375 0.1171875 0.5734375 0.0984375
3 0.675 0.0859375 0.64375 0.0859375 0.64375 0.1234375 0.675 0.1234375 0.675 0.0859375
3 0.7640625 0.2453125 0.75 0.2453125 0.75 0.3078125 0.7640625 0.3078125 0.7640625 0.2453125