4 0.3646484375 0.5956597218749999 0.371484375 0.5869791671875 0.371484375 0.5800347218749999 0.375390625 0.5696180562500001 0.3666015625 0.5435763890625 0.3548828125 0.5435763890625 0.351953125 0.5557291671875 0.351953125 0.5800347218749999 0.36171875 0.5939236109375 0.3646484375 0.5956597218749999
4 0.3138671875 0.9810763890624999 0.3177734375 0.9776041671875 0.320703125 0.9654513890624999 0.33046875 0.9515625 0.33046875 0.9203125 0.3373046875 0.901215278125 0.3392578125 0.9046875 0.3421875 0.8994791671875 0.336328125 0.8925347218749999 0.3353515625 0.8873263890624999 0.328515625 0.8821180562500001 0.3294921875 0.8734375 0.332421875 0.8751736109375001 0.332421875 0.8473958328125001 0.328515625 0.8404513890624999 0.324609375 0.8196180562500001 0.3265625 0.8126736109375001 0.3236328125 0.807465278125 0.3216796875 0.8109375 0.3158203125 0.8005208328125001 0.3119140625 0.8005208328125001 0.3060546875 0.78663194375 0.293359375 0.8057291671875 0.289453125 0.8404513890624999 0.285546875 0.8473958328125001 0.28359375 0.8578125 0.2865234375 0.8664930562500001 0.293359375 0.8751736109375001 0.289453125 0.8925347218749999 0.289453125 0.9029513890624999 0.297265625 0.9237847218749999 0.297265625 0.9411458328125001 0.2953125 0.948090278125 0.30703125 0.979340278125 0.3138671875 0.9810763890624999
7 0.5853515625 0.5956597218749999 0.5873046875 0.5921875 0.5990234375 0.588715278125 0.6029296875 0.5782986109375 0.6078125 0.573090278125 0.609765625 0.5626736109375 0.61171875 0.40989583281249997 0.613671875 0.4064236109375 0.61171875 0.4029513890625 0.61171875 0.3890625 0.5892578125 0.3421875 0.5853515625 0.3421875 0.5833984375 0.33524305625 0.5755859375 0.3248263890625 0.5599609375 0.3248263890625 0.5541015625 0.3213541671875 0.5521484375 0.3248263890625 0.5404296875 0.3248263890625 0.5384765625 0.3213541671875 0.5306640625 0.3213541671875 0.5287109375 0.3248263890625 0.5072265625 0.3248263890625 0.5052734375 0.3213541671875 0.5033203125 0.3248263890625 0.49453125 0.3265625 0.49453125 0.361284721875 0.4916015625 0.369965278125 0.48671875 0.3717013890625 0.484765625 0.3786458328125 0.49453125 0.4064236109375 0.49453125 0.48975694374999995 0.496484375 0.49322916718750004 0.496484375 0.5140625 0.50234375 0.5453125 0.50234375 0.5661458328125 0.504296875 0.5765625 0.51015625 0.5869791671875 0.51015625 0.5939236109375 0.5853515625 0.5956597218749999
2 0.9623046875 0.5505208328125 0.9671875 0.541840278125 0.9671875 0.5244791671875 0.969140625 0.5175347218749999 0.965234375 0.5071180562500001 0.965234375 0.5001736109375 0.9515625 0.4654513890625 0.937890625 0.44461805625000006 0.9369140625 0.439409721875 0.9291015625 0.4359375 0.9193359375 0.42552083281249997 0.8919921875 0.4220486109375 0.87734375 0.45850694374999995 0.875390625 0.4828125 0.87734375 0.49322916718750004 0.8802734375 0.4984375 0.8919921875 0.4984375 0.9095703125 0.5192708328125 0.914453125 0.5279513890625 0.914453125 0.5348958328125 0.9193359375 0.5470486109375 0.9310546875 0.5435763890625 0.937890625 0.5487847218749999 0.9623046875 0.5505208328125
2 0.6107421875 0.2657986109375 0.613671875 0.260590278125 0.615625 0.2501736109375 0.61171875 0.22586805625 0.6068359375 0.2171875 0.5970703125 0.21024305625 0.5873046875 0.21024305625 0.5833984375 0.21371527812500002 0.578515625 0.22586805625 0.578515625 0.236284721875 0.5765625 0.23975694375 0.578515625 0.2501736109375 0.5873046875 0.2623263890625 0.5892578125 0.2588541671875 0.6009765625 0.2588541671875 0.6078125 0.2640625 0.6107421875 0.2657986109375
2 0.5580078125 0.2623263890625 0.566796875 0.2467013890625 0.566796875 0.2328125 0.562890625 0.21892361093749999 0.5541015625 0.21024305625 0.5384765625 0.21371527812500002 0.5296875 0.2328125 0.5306640625 0.2588541671875 0.5453125 0.260590278125 0.5580078125 0.2623263890625
2 0.4759765625 0.251909721875 0.4798828125 0.25538194375 0.4828125 0.2501736109375 0.4828125 0.22239583281250003 0.480859375 0.2154513890625 0.4759765625 0.20677083281250003 0.4583984375 0.20677083281250003 0.4515625 0.22586805625 0.4515625 0.2536458328125 0.4759765625 0.251909721875
4 0.4212890625 0.3005208328125 0.42421875 0.2953125 0.426171875 0.2536458328125 0.4232421875 0.24496527812500002 0.4193359375 0.24149305625 0.41640625 0.24322916718749998 0.41640625 0.2536458328125 0.4125 0.2640625 0.414453125 0.28836805625 0.4125 0.2953125 0.414453125 0.298784721875 0.4212890625 0.3005208328125
6 0.4662109375 0.5227430562500001 0.4681640625 0.5192708328125 0.4857421875 0.5192708328125 0.490625 0.5140625 0.4837890625 0.5088541671875 0.4642578125 0.5088541671875 0.4623046875 0.5123263890625 0.4603515625 0.5088541671875 0.4291015625 0.5088541671875 0.4271484375 0.5123263890625 0.3802734375 0.5123263890625 0.379296875 0.5175347218749999 0.383203125 0.5244791671875 0.4662109375 0.5227430562500001
3 0.46875 0.0921875 0.421875 0.0921875 0.421875 0.11875 0.46875 0.11875 0.46875 0.0921875
3 0.3578125 0.0875 0.3265625 0.0875 0.3265625 0.1234375 0.3578125 0.1234375 0.3578125 0.0875
3 0.25 0.2375 0.2359375 0.2375 0.2359375 0.3109375 0.25 0.3109375 0.25 0.2375