6 0.484375 0.29375 0.415625 0.29375 0.415625 0.309375 0.484375 0.309375 0.484375 0.29375
4 0.383203125 0.3161458328125 0.38515625 0.30225694375 0.3890625 0.2953125 0.3890625 0.2779513890625 0.391015625 0.2744791671875 0.3890625 0.2536458328125 0.391015625 0.24322916718749998 0.383203125 0.22586805625 0.3822265625 0.21371527812500002 0.375390625 0.2154513890625 0.375390625 0.22934027812500002 0.36953125 0.24322916718749998 0.371484375 0.3057291671875 0.375390625 0.3161458328125 0.383203125 0.3161458328125
6 0.36875 0.2984375 0.3125 0.2984375 0.3125 0.3140625 0.36875 0.3140625 0.36875 0.2984375
4 0.3314453125 0.1546875 0.3353515625 0.151215278125 0.3392578125 0.14079861093749999 0.3431640625 0.14774305625 0.3509765625 0.14774305625 0.3529296875 0.151215278125 0.3587890625 0.151215278125 0.36171875 0.14600694375 0.359765625 0.12517361093749999 0.35390625 0.12170138906250001 0.351953125 0.10434027812499999 0.3490234375 0.09913194374999999 0.34609375 0.10086805624999999 0.3353515625 0.1234375 0.3265625 0.13211805625 0.3265625 0.1494791671875 0.328515625 0.1529513890625 0.3314453125 0.1546875
3 0.328125 0.0640625 0.3171875 0.0640625 0.3171875 0.1375 0.328125 0.1375 0.328125 0.0640625
4 0.4134765625 0.42899305625000006 0.42421875 0.4064236109375 0.42421875 0.3890625 0.426171875 0.385590278125 0.428125 0.36475694375 0.422265625 0.3369791671875 0.422265625 0.31961805625 0.41640625 0.3092013890625 0.414453125 0.28836805625 0.4076171875 0.28663194375 0.4046875 0.2953125 0.4046875 0.3057291671875 0.406640625 0.3092013890625 0.398828125 0.330034721875 0.402734375 0.35086805625 0.40078125 0.354340278125 0.40078125 0.3994791671875 0.398828125 0.4064236109375 0.406640625 0.416840278125 0.410546875 0.42725694374999995 0.4134765625 0.42899305625000006
4 0.5990234375 0.22760416718749998 0.6029296875 0.2171875 0.605859375 0.2154513890625 0.605859375 0.2015625 0.6078125 0.198090278125 0.6078125 0.17725694375 0.5990234375 0.151215278125 0.594140625 0.15642361093749999 0.590234375 0.1703125 0.590234375 0.19461805625 0.58828125 0.198090278125 0.58828125 0.21197916718749998 0.594140625 0.22586805625 0.5990234375 0.22760416718749998
4 0.5619140625 0.126909721875 0.56484375 0.12170138906250001 0.5658203125 0.10607638906250001 0.56875 0.1078125 0.5697265625 0.11996527812499999 0.57265625 0.11822916718750001 0.57265625 0.10434027812499999 0.566796875 0.10086805624999999 0.570703125 0.0939236109375 0.56875 0.0869791671875 0.5833984375 0.0817708328125 0.584375 0.080034721875 0.5814453125 0.0748263890625 0.5697265625 0.0748263890625 0.5638671875 0.08871527812499999 0.5609375 0.0869791671875 0.5599609375 0.0782986109375 0.553125 0.080034721875 0.54921875 0.0904513890625 0.547265625 0.11822916718750001 0.5501953125 0.1234375 0.5560546875 0.1234375 0.55703125 0.111284721875 0.555078125 0.1078125 0.5580078125 0.10607638906250001 0.5609375 0.111284721875 0.558984375 0.12170138906250001 0.5609375 0.12517361093749999 0.5619140625 0.126909721875
4 0.6537109375 0.5817708328125 0.656640625 0.573090278125 0.656640625 0.55225694375 0.664453125 0.510590278125 0.664453125 0.4828125 0.6625 0.47239583281249997 0.664453125 0.4689236109375 0.664453125 0.448090278125 0.660546875 0.44114583281249997 0.660546875 0.4342013890625 0.656640625 0.423784721875 0.656640625 0.4029513890625 0.6517578125 0.3942708328125 0.6478515625 0.3942708328125 0.644921875 0.3994791671875 0.64296875 0.416840278125 0.633203125 0.43072916718750004 0.63125 0.4376736109375 0.629296875 0.448090278125 0.629296875 0.5001736109375 0.62734375 0.5036458328125 0.633203125 0.5348958328125 0.644921875 0.5592013890625 0.648828125 0.5800347218749999 0.6537109375 0.5817708328125
4 0.1244140625 0.6234375 0.12734375 0.6182291671875 0.13125 0.6078125 0.13125 0.5939236109375 0.13515625 0.5869791671875 0.13515625 0.573090278125 0.12734375 0.5557291671875 0.12734375 0.5453125 0.1205078125 0.53663194375 0.0970703125 0.53663194375 0.09609375 0.52100694375 0.098046875 0.510590278125 0.0951171875 0.50538194375 0.0873046875 0.50538194375 0.0814453125 0.4984375 0.0775390625 0.4984375 0.074609375 0.5036458328125 0.074609375 0.5314236109375 0.0765625 0.541840278125 0.074609375 0.5453125 0.07265625 0.5765625 0.0892578125 0.5782986109375 0.1029296875 0.56788194375 0.105859375 0.573090278125 0.1078125 0.6008680562500001 0.1166015625 0.619965278125 0.11953125 0.6217013890625 0.1244140625 0.6234375
0 0.293359375 0.423784721875 0.2953125 0.40989583281249997 0.301171875 0.392534721875 0.303125 0.38211805625 0.303125 0.3404513890625 0.30703125 0.33350694375 0.30703125 0.3265625 0.303125 0.3161458328125 0.303125 0.3057291671875 0.2962890625 0.28663194375 0.2904296875 0.28663194375 0.28359375 0.3057291671875 0.28359375 0.35086805625 0.285546875 0.354340278125 0.285546875 0.38211805625 0.2875 0.385590278125 0.2875 0.4203125 0.289453125 0.423784721875 0.293359375 0.423784721875
2 0.51015625 0.0557291671875 0.51015625 0.0279513890625 0.5033203125 0.0157986109375 0.4955078125 0.0157986109375 0.488671875 0.0244791671875 0.48671875 0.0453125 0.490625 0.0557291671875 0.51015625 0.0557291671875