1 0.473046875 0.14600694375 0.475 0.13211805625 0.4720703125 0.11649305624999999 0.461328125 0.11822916718750001 0.461328125 0.135590278125 0.459375 0.1390625 0.461328125 0.14600694375 0.473046875 0.14600694375
2 0.4154296875 0.22413194375 0.418359375 0.21892361093749999 0.418359375 0.2015625 0.41640625 0.19461805625 0.4076171875 0.1859375 0.4017578125 0.189409721875 0.396875 0.198090278125 0.39296875 0.22586805625 0.4154296875 0.22413194375
2 0.3080078125 0.2657986109375 0.3255859375 0.251909721875 0.3373046875 0.25538194375 0.3421875 0.2467013890625 0.340234375 0.21197916718749998 0.3353515625 0.20677083281250003 0.3236328125 0.20677083281250003 0.3197265625 0.21024305625 0.3158203125 0.20677083281250003 0.3041015625 0.2171875 0.293359375 0.2328125 0.29140625 0.23975694375 0.293359375 0.260590278125 0.29921875 0.2640625 0.3080078125 0.2657986109375
2 0.5326171875 0.6442708328125 0.5384765625 0.6407986109375 0.5404296875 0.6442708328125 0.5541015625 0.6442708328125 0.55703125 0.6390625 0.558984375 0.6182291671875 0.55703125 0.61475694375 0.55703125 0.5765625 0.555078125 0.573090278125 0.555078125 0.5592013890625 0.5453125 0.5244791671875 0.5453125 0.510590278125 0.551171875 0.5036458328125 0.5501953125 0.4984375 0.5443359375 0.4984375 0.5365234375 0.4845486109375 0.4916015625 0.4845486109375 0.4896484375 0.48802083281249997 0.4818359375 0.48802083281249997 0.4759765625 0.4984375 0.4701171875 0.4984375 0.4671875 0.5036458328125 0.4681640625 0.5088541671875 0.473046875 0.5140625 0.47109375 0.5661458328125 0.473046875 0.573090278125 0.47109375 0.5765625 0.47109375 0.6008680562500001 0.473046875 0.604340278125 0.473046875 0.6390625 0.475 0.6425347218749999 0.5326171875 0.6442708328125
2 0.9642578125 0.5505208328125 0.9671875 0.541840278125 0.9671875 0.510590278125 0.957421875 0.479340278125 0.9369140625 0.439409721875 0.9291015625 0.432465278125 0.9251953125 0.432465278125 0.9193359375 0.42552083281249997 0.9115234375 0.42552083281249997 0.9095703125 0.4220486109375 0.8919921875 0.4220486109375 0.87734375 0.455034721875 0.87734375 0.47239583281249997 0.875390625 0.47586805625000006 0.879296875 0.4967013890625 0.8958984375 0.5019097218749999 0.914453125 0.5279513890625 0.914453125 0.5383680562500001 0.9193359375 0.5470486109375 0.9251953125 0.5470486109375 0.9271484375 0.5435763890625 0.9291015625 0.5470486109375 0.94375 0.55225694375 0.9642578125 0.5505208328125
2 0.9232421875 0.42552083281249997 0.928125 0.4064236109375 0.928125 0.38211805625 0.9212890625 0.3734375 0.918359375 0.3751736109375 0.9134765625 0.3907986109375 0.910546875 0.392534721875 0.90859375 0.4029513890625 0.90859375 0.41336805625000006 0.906640625 0.416840278125 0.9125 0.423784721875 0.9232421875 0.42552083281249997
2 0.9408203125 0.44635416718750004 0.94375 0.44114583281249997 0.945703125 0.38211805625 0.9388671875 0.3734375 0.9349609375 0.3734375 0.93203125 0.3786458328125 0.93203125 0.39600694375 0.930078125 0.3994791671875 0.930078125 0.43072916718750004 0.93984375 0.44461805625000006 0.9408203125 0.44635416718750004
2 0.9818359375 0.47413194374999995 0.984765625 0.4689236109375 0.98671875 0.45850694374999995 0.98671875 0.43072916718750004 0.9798828125 0.41510416718750004 0.976953125 0.41336805625000006 0.975 0.39600694375 0.9720703125 0.3907986109375 0.9681640625 0.3907986109375 0.9623046875 0.3838541671875 0.9564453125 0.3838541671875 0.95546875 0.423784721875 0.953515625 0.42725694374999995 0.9515625 0.4515625 0.9544921875 0.45677083281249997 0.9603515625 0.45677083281249997 0.9779296875 0.4671875 0.97890625 0.47239583281249997 0.9818359375 0.47413194374999995
2 0.5697265625 0.21371527812500002 0.57265625 0.20850694375 0.57265625 0.1911458328125 0.5658203125 0.1755208328125 0.5541015625 0.1755208328125 0.54921875 0.18767361093749999 0.54921875 0.205034721875 0.5521484375 0.21024305625 0.5609375 0.21197916718749998 0.5697265625 0.21371527812500002
4 0.646875 0.6807291671875 0.652734375 0.6529513890625 0.65078125 0.6182291671875 0.646875 0.6078125 0.646875 0.5904513890625 0.65078125 0.573090278125 0.65078125 0.5592013890625 0.646875 0.541840278125 0.6419921875 0.5331597218749999 0.63515625 0.541840278125 0.637109375 0.55225694375 0.621484375 0.573090278125 0.6234375 0.6112847218749999 0.625390625 0.61475694375 0.6234375 0.6217013890625 0.6234375 0.6390625 0.629296875 0.6494791671875 0.629296875 0.6564236109375 0.63515625 0.666840278125 0.6390625 0.6807291671875 0.646875 0.6807291671875
4 0.844140625 0.5001736109375 0.84609375 0.47586805625000006 0.848046875 0.47239583281249997 0.848046875 0.42725694374999995 0.844140625 0.4064236109375 0.8392578125 0.39774305625 0.83046875 0.41336805625000006 0.828515625 0.423784721875 0.824609375 0.43072916718750004 0.82265625 0.46197916718750004 0.820703125 0.4654513890625 0.82265625 0.479340278125 0.8314453125 0.4845486109375 0.83828125 0.5001736109375 0.844140625 0.5001736109375
4 0.2845703125 0.5852430562500001 0.2875 0.5696180562500001 0.2982421875 0.557465278125 0.3021484375 0.557465278125 0.3060546875 0.56788194375 0.3109375 0.5661458328125 0.3099609375 0.5609375 0.301171875 0.5487847218749999 0.301171875 0.52100694375 0.293359375 0.510590278125 0.29140625 0.49322916718750004 0.2962890625 0.49149305625000006 0.2982421875 0.4984375 0.305078125 0.4967013890625 0.2962890625 0.4845486109375 0.2875 0.479340278125 0.2904296875 0.470659721875 0.293359375 0.4689236109375 0.2904296875 0.46024305625000006 0.27578125 0.4654513890625 0.273828125 0.47586805625000006 0.27578125 0.486284721875 0.271875 0.49322916718750004 0.273828125 0.5175347218749999 0.27578125 0.52100694375 0.27578125 0.5696180562500001 0.2796875 0.58350694375 0.2845703125 0.5852430562500001
4 0.1556640625 0.6026041671875 0.1595703125 0.6060763890625 0.1703125 0.5973958328125 0.1595703125 0.5956597218749999 0.1498046875 0.5748263890625 0.1400390625 0.5713541671875 0.137109375 0.5800347218749999 0.14296875 0.604340278125 0.1556640625 0.6026041671875
4 0.1908203125 0.59913194375 0.191796875 0.5869791671875 0.187890625 0.573090278125 0.176171875 0.5557291671875 0.176171875 0.5487847218749999 0.1703125 0.5383680562500001 0.168359375 0.5175347218749999 0.1615234375 0.5123263890625 0.1546875 0.5244791671875 0.1546875 0.5487847218749999 0.1576171875 0.557465278125 0.1615234375 0.557465278125 0.164453125 0.5626736109375 0.164453125 0.58350694375 0.1673828125 0.588715278125 0.18203125 0.5973958328125 0.1908203125 0.59913194375
4 0.146875 0.5348958328125 0.15078125 0.52100694375 0.1439453125 0.5123263890625 0.1400390625 0.5123263890625 0.1390625 0.5279513890625 0.14296875 0.5348958328125 0.146875 0.5348958328125
4 0.1869140625 0.5227430562500001 0.1908203125 0.5296875 0.1966796875 0.5296875 0.199609375 0.5244791671875 0.195703125 0.5140625 0.1908203125 0.4845486109375 0.1849609375 0.4845486109375 0.1830078125 0.494965278125 0.1751953125 0.494965278125 0.1712890625 0.48802083281249997 0.156640625 0.49322916718750004 0.1615234375 0.5123263890625 0.1654296875 0.5157986109375 0.1673828125 0.5123263890625 0.1732421875 0.526215278125 0.178125 0.5279513890625 0.1869140625 0.5227430562500001
4 0.133203125 0.6182291671875 0.129296875 0.5800347218749999 0.1224609375 0.5644097218749999 0.1185546875 0.5644097218749999 0.117578125 0.5800347218749999 0.11953125 0.58350694375 0.11953125 0.5939236109375 0.117578125 0.6008680562500001 0.1244140625 0.6164930562500001 0.12734375 0.6182291671875 0.133203125 0.6182291671875
6 0.5437594406249999 0.5131998515625 0.6006585328125 0.5115039015625 0.5955725734375 0.5018933265625 0.5558385609375 0.5052853171875 0.5437594406249999 0.5131998515625
6 0.3012236015625 0.52733296875 0.471602609375 0.5216796921875 0.4631786703125 0.5090401578125 0.3040844265625 0.5137651578125 0.3012236015625 0.52733296875
5 0.25 0.240625 0.2359375 0.240625 0.2359375 0.3078125 0.25 0.3078125 0.25 0.240625
5 0.359375 0.084375 0.3265625 0.084375 0.3265625 0.1203125 0.359375 0.1203125 0.359375 0.084375
5 0.471875 0.0890625 0.428125 0.0890625 0.428125 0.115625 0.471875 0.115625 0.471875 0.0890625