2 0.475 0.4029513890625 0.4564453125 0.376909721875 0.4408203125 0.3630208328125 0.4154296875 0.3630208328125 0.4134765625 0.36649305625 0.3958984375 0.369965278125 0.3802734375 0.3838541671875 0.3724609375 0.3838541671875 0.365625 0.392534721875 0.363671875 0.3994791671875 0.365625 0.42725694374999995 0.3724609375 0.4359375 0.3822265625 0.432465278125 0.3900390625 0.439409721875 0.3958984375 0.439409721875 0.402734375 0.423784721875 0.4046875 0.40989583281249997 0.4095703125 0.408159721875 0.4125 0.41336805625000006 0.4125 0.423784721875 0.4203125 0.44114583281249997 0.4203125 0.46197916718750004 0.4232421875 0.4671875 0.426171875 0.4654513890625 0.4310546875 0.46024305625000006 0.4466796875 0.46024305625000006 0.4486328125 0.45677083281249997 0.4662109375 0.4532986109375 0.4759765625 0.44635416718750004 0.47890625 0.44114583281249997 0.47890625 0.423784721875 0.475 0.4029513890625
2 0.11953125 0.49322916718750004 0.11953125 0.455034721875 0.1068359375 0.42552083281249997 0.1029296875 0.4220486109375 0.0892578125 0.4220486109375 0.0638671875 0.4359375 0.0599609375 0.439409721875 0.039453125 0.479340278125 0.0296875 0.510590278125 0.0296875 0.541840278125 0.0345703125 0.5505208328125 0.0609375 0.5487847218749999 0.0677734375 0.5435763890625 0.0775390625 0.5470486109375 0.082421875 0.5348958328125 0.082421875 0.5279513890625 0.0873046875 0.5192708328125 0.1048828125 0.4984375 0.1166015625 0.4984375 0.11953125 0.49322916718750004
2 0.363671875 0.260590278125 0.363671875 0.2814236109375 0.3666015625 0.2901041671875 0.371484375 0.28836805625 0.3802734375 0.283159721875 0.3998046875 0.283159721875 0.410546875 0.260590278125 0.40859375 0.236284721875 0.4017578125 0.22413194375 0.3861328125 0.22413194375 0.3763671875 0.2310763890625 0.363671875 0.260590278125
4 0.5052734375 0.3630208328125 0.4984375 0.38211805625 0.4984375 0.3890625 0.500390625 0.392534721875 0.500390625 0.40989583281249997 0.50234375 0.41336805625000006 0.50234375 0.44114583281249997 0.50625 0.4515625 0.50625 0.45850694374999995 0.5091796875 0.463715278125 0.512109375 0.46197916718750004 0.523828125 0.4376736109375 0.523828125 0.4203125 0.519921875 0.3994791671875 0.521875 0.3890625 0.512109375 0.3751736109375 0.512109375 0.3682291671875 0.5091796875 0.3630208328125 0.5052734375 0.3630208328125
4 0.4046875 0.4203125 0.398828125 0.43072916718750004 0.396875 0.44114583281249997 0.40078125 0.4515625 0.40078125 0.4689236109375 0.398828125 0.47239583281249997 0.396875 0.5001736109375 0.4056640625 0.5192708328125 0.40859375 0.5175347218749999 0.418359375 0.49322916718750004 0.4203125 0.4654513890625 0.418359375 0.46197916718750004 0.418359375 0.4342013890625 0.410546875 0.4203125 0.410546875 0.41336805625000006 0.4056640625 0.408159721875 0.4046875 0.4203125
4 0.668359375 0.52100694375 0.6634765625 0.5157986109375 0.65859375 0.52100694375 0.656640625 0.5383680562500001 0.648828125 0.55225694375 0.646875 0.5696180562500001 0.648828125 0.573090278125 0.648828125 0.6217013890625 0.65078125 0.6251736109375 0.65078125 0.635590278125 0.652734375 0.6425347218749999 0.65859375 0.6494791671875 0.660546875 0.6598958328125 0.6634765625 0.6651041671875 0.66640625 0.6633680562500001 0.67421875 0.6425347218749999 0.67421875 0.6078125 0.680078125 0.5973958328125 0.680078125 0.5869791671875 0.676171875 0.5765625 0.676171875 0.541840278125 0.6703125 0.5348958328125 0.668359375 0.52100694375
4 0.6634765625 0.4046875 0.6537109375 0.4046875 0.65078125 0.40989583281249997 0.65078125 0.4203125 0.6458984375 0.42899305625000006 0.641015625 0.43072916718750004 0.64296875 0.4515625 0.644921875 0.455034721875 0.644921875 0.47586805625000006 0.6390625 0.4967013890625 0.64296875 0.4967013890625 0.6498046875 0.4845486109375 0.6615234375 0.47760416718750004 0.6634765625 0.4810763890625 0.66640625 0.47586805625000006 0.66640625 0.455034721875 0.6703125 0.4342013890625 0.664453125 0.4203125 0.6634765625 0.4046875
4 0.5765625 0.298784721875 0.5794921875 0.30399305625 0.584375 0.30225694375 0.586328125 0.298784721875 0.5794921875 0.2901041671875 0.5765625 0.298784721875
4 0.5814453125 0.3630208328125 0.582421875 0.361284721875 0.586328125 0.35086805625 0.590234375 0.31961805625 0.5833984375 0.314409721875 0.5755859375 0.314409721875 0.570703125 0.31961805625 0.570703125 0.3369791671875 0.578515625 0.3578125 0.5814453125 0.3630208328125
6 0.660526203125 0.5083646671875 0.42476094375000006 0.499894084375 0.420758915625 0.497379296875 0.41523503906250003 0.51895309375 0.6629078546875 0.52636498125 0.660526203125 0.5083646671875
3 0.575 0.09375 0.5328125 0.09375 0.5328125 0.11875 0.575 0.11875 0.575 0.09375
3 0.671875 0.0796875 0.64375 0.0796875 0.64375 0.1234375 0.671875 0.1234375 0.671875 0.0796875
3 0.7625 0.234375 0.7515625 0.234375 0.7515625 0.3046875 0.7625 0.3046875 0.7625 0.234375