4 0.5921875 0.5765625 0.590234375 0.55225694375 0.594140625 0.5453125 0.594140625 0.5383680562500001 0.586328125 0.5279513890625 0.586328125 0.5140625 0.5794921875 0.50538194375 0.574609375 0.5140625 0.574609375 0.5279513890625 0.5716796875 0.5296875 0.56484375 0.5453125 0.56875 0.5765625 0.56484375 0.5939236109375 0.56484375 0.6112847218749999 0.558984375 0.6217013890625 0.5619140625 0.6269097218749999 0.5677734375 0.6269097218749999 0.5697265625 0.6234375 0.58046875 0.6564236109375 0.586328125 0.6564236109375 0.590234375 0.64600694375 0.590234375 0.6390625 0.598046875 0.6286458328125 0.598046875 0.6217013890625 0.594140625 0.61475694375 0.594140625 0.6008680562500001 0.590234375 0.5800347218749999 0.5921875 0.5765625
4 0.61953125 0.5765625 0.6244140625 0.5817708328125 0.6263671875 0.588715278125 0.63125 0.5869791671875 0.6390625 0.5696180562500001 0.637109375 0.5661458328125 0.637109375 0.5348958328125 0.6341796875 0.526215278125 0.6205078125 0.526215278125 0.617578125 0.5314236109375 0.615625 0.5626736109375 0.61953125 0.5765625
2 0.53359375 0.5626736109375 0.539453125 0.5487847218749999 0.5365234375 0.5435763890625 0.5326171875 0.5435763890625 0.5267578125 0.5331597218749999 0.5091796875 0.5296875 0.5072265625 0.526215278125 0.4662109375 0.526215278125 0.4603515625 0.5296875 0.4544921875 0.5401041671875 0.4466796875 0.5401041671875 0.44375 0.5487847218749999 0.449609375 0.5557291671875 0.449609375 0.5661458328125 0.44375 0.5800347218749999 0.44375 0.5973958328125 0.43984375 0.6112847218749999 0.43984375 0.64600694375 0.437890625 0.6494791671875 0.437890625 0.698090278125 0.43984375 0.7015625 0.43984375 0.7154513890625 0.4525390625 0.7276041671875 0.4740234375 0.7276041671875 0.4759765625 0.7310763890625 0.516015625 0.729340278125 0.5306640625 0.7206597218749999 0.53359375 0.7119791671875 0.535546875 0.6598958328125 0.5375 0.6564236109375 0.535546875 0.64600694375 0.535546875 0.5800347218749999 0.53359375 0.5765625 0.53359375 0.5626736109375
2 0.40859375 0.8890625 0.4046875 0.8821180562500001 0.402734375 0.8717013890624999 0.3919921875 0.8526041671875 0.3783203125 0.8526041671875 0.3763671875 0.84913194375 0.3666015625 0.84913194375 0.3646484375 0.8456597218749999 0.3080078125 0.8456597218749999 0.2962890625 0.8595486109375001 0.293359375 0.8682291671875 0.2806640625 0.8873263890624999 0.2787109375 0.8838541671875 0.2728515625 0.901215278125 0.2669921875 0.901215278125 0.26015625 0.9098958328125001 0.26015625 0.916840278125 0.266015625 0.9237847218749999 0.266015625 0.9342013890624999 0.25234375 0.9932291671875 0.2552734375 0.9984375 0.40078125 0.9967013890624999 0.4056640625 0.994965278125 0.410546875 0.9862847218749999 0.410546875 0.9376736109375001 0.4125 0.9342013890624999 0.410546875 0.9237847218749999 0.4125 0.916840278125 0.410546875 0.9133680562500001 0.40859375 0.8890625
2 0.1048828125 0.4984375 0.1166015625 0.4984375 0.11953125 0.49322916718750004 0.11953125 0.455034721875 0.1048828125 0.4220486109375 0.0775390625 0.42552083281249997 0.0677734375 0.4359375 0.0638671875 0.4359375 0.0599609375 0.439409721875 0.039453125 0.479340278125 0.039453125 0.486284721875 0.03359375 0.4967013890625 0.0296875 0.510590278125 0.0296875 0.541840278125 0.0326171875 0.5505208328125 0.051171875 0.55225694375 0.0619140625 0.5505208328125 0.0697265625 0.5435763890625 0.0716796875 0.5470486109375 0.0775390625 0.5470486109375 0.082421875 0.5348958328125 0.082421875 0.5279513890625 0.0873046875 0.5192708328125 0.1048828125 0.4984375
5 0.5734375 0.0953125 0.534375 0.0953125 0.534375 0.115625 0.5734375 0.115625 0.5734375 0.0953125
5 0.671875 0.0828125 0.640625 0.0828125 0.640625 0.1234375 0.671875 0.1234375 0.671875 0.0828125
5 0.7640625 0.2390625 0.75 0.2390625 0.75 0.3015625 0.7640625 0.3015625 0.7640625 0.2390625
6 0.405133915625 0.497379296875 0.3943971828125 0.5147178593749999 0.5730072078124999 0.5242474203125 0.571816509375 0.5136589375 0.405133915625 0.497379296875
6 0.6146829203124999 0.512600128125 0.5915922484375 0.5140459625 0.5944406671875 0.52636498125 0.6140875703125 0.5242474203125 0.6146829203124999 0.512600128125
6 0.7153003609375 0.51154120625 0.6408791734375 0.5210708234375 0.6539772359375 0.530600328125 0.7117281390625 0.527423903125 0.7153003609375 0.51154120625