5 0.5734375 0.0921875 0.53125 0.0921875 0.53125 0.115625 0.5734375 0.115625 0.5734375 0.0921875
5 0.675 0.0859375 0.6421875 0.0859375 0.6421875 0.115625 0.675 0.115625 0.675 0.0859375
5 0.7625 0.2390625 0.75 0.2390625 0.75 0.30625 0.7625 0.30625 0.7625 0.2390625
2 0.53359375 0.5800347218749999 0.53359375 0.5592013890625 0.5384765625 0.557465278125 0.539453125 0.5487847218749999 0.5208984375 0.5296875 0.5091796875 0.5296875 0.5072265625 0.526215278125 0.4720703125 0.526215278125 0.4701171875 0.5296875 0.4623046875 0.5296875 0.4544921875 0.5401041671875 0.4466796875 0.5401041671875 0.44375 0.5487847218749999 0.4515625 0.5592013890625 0.44375 0.58350694375 0.44375 0.5973958328125 0.43984375 0.61475694375 0.43984375 0.64600694375 0.437890625 0.6494791671875 0.437890625 0.7015625 0.43984375 0.7050347218749999 0.43984375 0.7154513890625 0.4525390625 0.7276041671875 0.4759765625 0.7276041671875 0.4779296875 0.7310763890625 0.516015625 0.729340278125 0.5208984375 0.72413194375 0.5267578125 0.72413194375 0.53359375 0.7119791671875 0.535546875 0.6598958328125 0.5375 0.6564236109375 0.535546875 0.64600694375 0.535546875 0.58350694375 0.53359375 0.5800347218749999
2 0.40859375 0.8890625 0.4046875 0.8821180562500001 0.402734375 0.8717013890624999 0.3900390625 0.8526041671875 0.3783203125 0.8526041671875 0.3763671875 0.84913194375 0.3666015625 0.84913194375 0.3646484375 0.8456597218749999 0.3099609375 0.8456597218749999 0.2962890625 0.8595486109375001 0.2884765625 0.8769097218749999 0.2826171875 0.8838541671875 0.2787109375 0.8838541671875 0.2728515625 0.901215278125 0.2669921875 0.901215278125 0.26015625 0.9064236109375001 0.26015625 0.9203125 0.266015625 0.9237847218749999 0.266015625 0.9342013890624999 0.258203125 0.9550347218749999 0.26015625 0.95850694375 0.25234375 0.9932291671875 0.2552734375 0.9984375 0.40078125 0.9967013890624999 0.4056640625 0.994965278125 0.410546875 0.9862847218749999 0.410546875 0.9411458328125001 0.4125 0.9376736109375001 0.410546875 0.9237847218749999 0.4125 0.9133680562500001 0.410546875 0.9098958328125001 0.40859375 0.8890625
2 0.11953125 0.49322916718750004 0.11953125 0.455034721875 0.1048828125 0.4220486109375 0.0794921875 0.42552083281249997 0.0638671875 0.439409721875 0.0599609375 0.439409721875 0.058984375 0.44461805625000006 0.0453125 0.4654513890625 0.031640625 0.5001736109375 0.0296875 0.510590278125 0.0296875 0.541840278125 0.0345703125 0.5505208328125 0.0609375 0.5487847218749999 0.0677734375 0.5435763890625 0.0775390625 0.5470486109375 0.082421875 0.5348958328125 0.082421875 0.5279513890625 0.0873046875 0.5192708328125 0.1048828125 0.4984375 0.1166015625 0.4984375 0.11953125 0.49322916718750004
4 0.1498046875 0.494965278125 0.1419921875 0.5019097218749999 0.1341796875 0.5019097218749999 0.1263671875 0.494965278125 0.121484375 0.5036458328125 0.1234375 0.5140625 0.11953125 0.5348958328125 0.121484375 0.5383680562500001 0.121484375 0.5696180562500001 0.1234375 0.5765625 0.1263671875 0.5817708328125 0.12734375 0.5800347218749999 0.13125 0.5765625 0.1400390625 0.5539930562500001 0.1478515625 0.5539930562500001 0.1546875 0.541840278125 0.1546875 0.5175347218749999 0.152734375 0.5140625 0.152734375 0.5001736109375 0.1498046875 0.494965278125
4 0.406640625 0.5036458328125 0.406640625 0.47239583281249997 0.40859375 0.4654513890625 0.396875 0.448090278125 0.396875 0.4376736109375 0.3939453125 0.432465278125 0.3900390625 0.432465278125 0.3890625 0.44461805625000006 0.383203125 0.4515625 0.38515625 0.49322916718750004 0.387109375 0.4967013890625 0.38515625 0.5036458328125 0.38515625 0.5314236109375 0.3919921875 0.5470486109375 0.394921875 0.5453125 0.394921875 0.5383680562500001 0.3998046875 0.5296875 0.4056640625 0.5331597218749999 0.410546875 0.5314236109375 0.406640625 0.5244791671875 0.40859375 0.5175347218749999 0.40859375 0.5071180562500001 0.406640625 0.5036458328125
4 0.5609375 0.5036458328125 0.5609375 0.510590278125 0.55703125 0.52100694375 0.55703125 0.5453125 0.555078125 0.5487847218749999 0.555078125 0.5626736109375 0.5677734375 0.588715278125 0.570703125 0.5869791671875 0.5765625 0.5661458328125 0.582421875 0.5592013890625 0.5765625 0.5453125 0.5765625 0.5175347218749999 0.574609375 0.5140625 0.5736328125 0.494965278125 0.5677734375 0.494965278125 0.5609375 0.5036458328125
4 0.6244140625 0.5817708328125 0.6263671875 0.588715278125 0.63125 0.5869791671875 0.6390625 0.5765625 0.6390625 0.5383680562500001 0.6361328125 0.5331597218749999 0.6205078125 0.5331597218749999 0.617578125 0.5383680562500001 0.615625 0.5626736109375 0.61953125 0.5765625 0.6244140625 0.5817708328125
4 0.771875 0.6598958328125 0.771875 0.64600694375 0.76796875 0.6390625 0.7669921875 0.6130208328125 0.7611328125 0.6130208328125 0.758203125 0.6182291671875 0.7552734375 0.6373263890625 0.7474609375 0.6442708328125 0.7435546875 0.6373263890625 0.738671875 0.6390625 0.738671875 0.6494791671875 0.740625 0.6529513890625 0.740625 0.6946180562500001 0.73671875 0.7050347218749999 0.734765625 0.7223958328125 0.72890625 0.7362847218749999 0.72890625 0.7432291671875 0.7337890625 0.7484375 0.738671875 0.7362847218749999 0.738671875 0.729340278125 0.7474609375 0.7102430562500001 0.7484375 0.7223958328125 0.746484375 0.729340278125 0.754296875 0.7501736109375 0.75625 0.7675347218749999 0.762109375 0.7675347218749999 0.7640625 0.7571180562500001 0.7689453125 0.7519097218749999 0.771875 0.7432291671875 0.769921875 0.73975694375 0.769921875 0.7050347218749999 0.76796875 0.7015625 0.76796875 0.6703125 0.771875 0.6598958328125
6 0.5501953125 0.5019097218749999 0.5482421875 0.5019097218749999 0.5462890625 0.5088541671875 0.5384765625 0.5088541671875 0.535546875 0.5140625 0.5365234375 0.5192708328125 0.551171875 0.52100694375 0.5501953125 0.5019097218749999
6 0.6625 0.52100694375 0.6576171875 0.5123263890625 0.6517578125 0.5157986109375 0.6458984375 0.5123263890625 0.6390625 0.5140625 0.6400390625 0.526215278125 0.660546875 0.5244791671875 0.6625 0.52100694375
6 0.61171875 0.52100694375 0.6107421875 0.5123263890625 0.578515625 0.5140625 0.5794921875 0.5227430562500001 0.61171875 0.52100694375
6 0.70546875 0.5244791671875 0.7025390625 0.5157986109375 0.668359375 0.5175347218749999 0.6712890625 0.526215278125 0.70546875 0.5244791671875
6 0.5306640625 0.5088541671875 0.4125 0.5036458328125 0.4125 0.510590278125 0.4193359375 0.5157986109375 0.4583984375 0.5157986109375 0.4603515625 0.5192708328125 0.531640625 0.5175347218749999 0.5306640625 0.5088541671875