3 0.5849345109375 0.0248478265625 0.5426281328125 0.0248478265625 0.5426281328125 0.057456521875 0.5849345109375 0.057456521875 0.5849345109375 0.0248478265625
3 0.7744903187500001 0.208081521875 0.7606577453125001 0.208081521875 0.7606577453125001 0.2639836953125 0.7744903187500001 0.2639836953125 0.7744903187500001 0.208081521875
3 0.763115034375 0.36489130468750003 0.7565205015625 0.36489130468750003 0.7565205015625 0.3943913046875 0.763115034375 0.3943913046875 0.763115034375 0.36489130468750003
6 0.72088865625 0.4943751734375 0.7191957671875 0.48468154218750004 0.5044809859375 0.4749879109375 0.41504000625000004 0.4690640265625 0.4127828203125 0.47875765625 0.505609578125 0.4857586125 0.72088865625 0.4943751734375
2 0.610478359375 0.188043478125 0.6161731203125 0.188043478125 0.6212984046875001 0.175 0.6195899765624999 0.1586956515625 0.613325740625 0.15108695625 0.5990888375 0.15 0.59510250625 0.15434782656249998 0.593963553125 0.16086956562500002 0.593394078125 0.1771739125 0.5985193625 0.185869565625 0.6076309796875 0.1836956515625 0.610478359375 0.188043478125
2 0.5717539859375 0.24782608750000001 0.5728929390624999 0.22282608750000002 0.56947608125 0.21630434843750002 0.567767653125 0.20108695625 0.5632118453125 0.19239130468750001 0.547835990625 0.184782609375 0.5290432796875 0.19673912968750001 0.5290432796875 0.2445652171875 0.5307517078124999 0.24782608750000001 0.5518223234375 0.25108695625 0.5717539859375 0.24782608750000001
2 0.5427107062500001 0.1717391296875 0.5438496578125 0.1456521734375 0.53644646875 0.13369565156250002 0.5216400906249999 0.13369565156250002 0.5159453296875001 0.15108695625 0.5153758546875 0.16739130468750002 0.518223234375 0.17608695624999998 0.541002278125 0.17608695624999998 0.5427107062500001 0.1717391296875
2 0.40717539843750006 0.3771739125 0.42141229999999996 0.390217390625 0.42255125312499997 0.40326087031249996 0.4271070609375 0.409782609375 0.43356112343750003 0.40108695625 0.4396355359375 0.40108695625 0.452164009375 0.3923913046875 0.4646924828125 0.3945652171875 0.4675398640625 0.4 0.475512528125 0.3815217390625 0.47722095624999994 0.3554347828125 0.47494305312499996 0.3413043484375 0.4584282453125 0.309782609375 0.44988610468749995 0.3021739125 0.43052391874999996 0.30108695625 0.4117312078125 0.3076086953125 0.39635535312500003 0.32391304375 0.392938496875 0.339130434375 0.39123006875 0.364130434375 0.3935079734375 0.3728260875 0.39806378124999997 0.3771739125 0.40717539843750006 0.3771739125
2 0.4253986328125 0.664130434375 0.48974943125000003 0.6695652171875001 0.505125284375 0.6043478265625 0.5056947609375 0.5086956515625001 0.492027334375 0.49021739062499997 0.4823462421875 0.484782609375 0.4384965828125 0.47934782656249997 0.43052391874999996 0.486956521875 0.42141229999999996 0.5076086953125001 0.419134396875 0.525 0.4020501140625 0.585869565625 0.40261959062499997 0.6402173906249999 0.40660592187500005 0.6673913046875 0.4117312078125 0.6815217390625 0.4253986328125 0.664130434375
2 0.563781321875 0.6217391296875 0.5683371296875 0.634782609375 0.639521640625 0.636956521875 0.6480637812500001 0.6304347828125 0.6509111625 0.6086956515625 0.6514806375 0.5586956515625 0.6435079734375 0.525 0.6378132125 0.47934782656249997 0.63496583125 0.4728260875 0.6252847375 0.461956521875 0.6007972671874999 0.45978260937500004 0.5763097953125 0.45978260937500004 0.5592255125000001 0.4728260875 0.5580865609375001 0.47934782656249997 0.563781321875 0.485869565625 0.5649202734375 0.4967391296875 0.563781321875 0.6217391296875
4 0.7209567203125 0.6076086953125001 0.7238041 0.5836956515625 0.7277904328125 0.5793478265625 0.7283599093750001 0.5586956515625 0.7215261953125001 0.5423913046875 0.7078587703125 0.5467391296875 0.7044419140625 0.5521739125 0.705580865625 0.5684782609375 0.7164009109375 0.6043478265625 0.7209567203125 0.6076086953125001
4 0.656036446875 0.434782609375 0.657744875 0.40326087031249996 0.6537585421875 0.38369565156249996 0.6474943046875 0.38260869531249997 0.6383826874999999 0.37391304375 0.636674259375 0.38478260937500003 0.6372437359374999 0.40434782656249996 0.6423690203125 0.4293478265625 0.649772209375 0.440217390625 0.656036446875 0.434782609375